T[K] A B X(A) X(B) G[J/mol] H[J/mol] S[J/mol/K] -ST[J/mol] TC[K] BMAG[mu_B] G_SRF[J/mol] G_MIX[J/mol] G_MAG[J/mol]
298.15 CU ZR 0.0 1.0 -6719.623 7311.123 47.059354 -14030.746395099999 0.0 0.0 -6719.623 0.0 -0.0
298.15 CU ZR 1.0 0.0 -6240.85 4017.002 34.405002 -10257.8513463 0.0 0.0 -6240.85 0.0 -0.0
298.15 CU ZR 0.01 0.99 -6866.509 7281.716 47.45338 -14148.225247 0.0 0.0 -6714.83527 -138.82602141683572 -0.0
298.15 CU ZR 0.02 0.98 -6978.52 7252.237 47.730192 -14230.756744799999 0.0 0.0 -6710.04754 -243.03584172567548 -0.0
298.15 CU ZR 0.03 0.97 -7077.046 7222.687 47.96154 -14299.733150999999 0.0 0.0 -6705.25981 -334.02154674813943 -0.0
298.15 CU ZR 0.04 0.96 -7166.635 7193.065 48.162669 -14359.69976235 0.0 0.0 -6700.47208 -416.3281974105132 -0.0
298.15 CU ZR 0.05 0.95 -7249.441 7163.372 48.340813 -14412.813395949997 0.0 0.0 -6695.6843499999995 -492.11297050679866 -0.0
298.15 CU ZR 0.06 0.94 -7326.736 7133.608 48.500231 -14460.343872649999 0.0 0.0 -6690.8966199999995 -562.6452650375949 -0.0
298.15 CU ZR 0.07 0.93 -7399.356 7103.772 48.643731 -14503.12839765 0.0 0.0 -6686.1088899999995 -628.7628773593874 -0.0
298.15 CU ZR 0.08 0.92 -7467.897 7073.865 48.773309 -14541.762078349999 0.0 0.0 -6681.3211599999995 -691.0604007790716 -0.0
298.15 CU ZR 0.09 0.91 -7532.802 7043.887 48.890453 -14576.688561949999 0.0 0.0 -6676.5334299999995 -749.9816351924776 -0.0
298.15 CU ZR 0.1 0.9 -7594.415 7013.837 48.996315 -14608.25131725 0.0 0.0 -6671.7456999999995 -805.870345271772 -0.0
298.15 CU ZR 0.11 0.89 -7653.009 6983.716 49.091816 -14636.7249404 0.0 0.0 -6666.9579699999995 -859.000492370776 -0.0
298.15 CU ZR 0.12 0.88 -7708.809 6953.523 49.177703 -14662.33214945 0.0 0.0 -6662.1702399999995 -909.5953759771999 -0.0
298.15 CU ZR 0.13 0.87 -7762.0 6923.259 49.254598 -14685.2583937 0.0 0.0 -6657.3825099999995 -957.840348132521 -0.0
298.15 CU ZR 0.14 0.86 -7812.737 6892.923 49.323025 -14705.65990375 0.0 0.0 -6652.594779999999 -1003.8915915105914 -0.0
298.15 CU ZR 0.15 0.85 -7861.154 6862.517 49.383432 -14723.670250799998 0.0 0.0 -6647.807049999999 -1047.882375954332 -0.0
298.15 CU ZR 0.16 0.84 -7907.366 6832.038 49.436204 -14739.404222599998 0.0 0.0 -6643.019319999999 -1089.9276385420173 -0.0
298.15 CU ZR 0.17 0.83 -7951.473 6801.489 49.481675 -14752.96140125 0.0 0.0 -6638.231589999999 -1130.1274135160918 -0.0
298.15 CU ZR 0.18 0.82 -7993.563 6770.868 49.520142 -14764.430337299998 0.0 0.0 -6633.44386 -1168.5694517045056 -0.0
298.15 CU ZR 0.19 0.81 -8033.712 6740.175 49.551862 -14773.8876553 0.0 0.0 -6628.656129999999 -1205.3312553507326 -0.0
298.15 CU ZR 0.2 0.8 -8071.992 6709.411 49.577068 -14781.402824199999 0.0 0.0 -6623.8684 -1240.4816826440385 -0.0
298.15 CU ZR 0.21 0.79 -8108.461 6678.576 49.595966 -14787.037262899998 0.0 0.0 -6619.080669999999 -1274.08222978906 -0.0
298.15 CU ZR 0.22 0.78 -8143.176 6647.67 49.608741 -14790.846129149999 0.0 0.0 -6614.29294 -1306.188067542519 -0.0
298.15 CU ZR 0.23 0.77 -8176.187 6616.692 49.615559 -14792.878915849999 0.0 0.0 -6609.505209999999 -1336.8488881016199 -0.0
298.15 CU ZR 0.24 0.76 -8207.538 6585.642 49.616571 -14793.18064365 0.0 0.0 -6604.71748 -1366.1096036088943 -0.0
298.15 CU ZR 0.25 0.75 -8237.27 6554.522 49.611913 -14791.79186095 0.0 0.0 -6599.929749999999 -1394.0109271940482 -0.0
298.15 CU ZR 0.26 0.74 -8265.421 6523.329 49.601711 -14788.75013465 0.0 0.0 -6595.142019999999 -1420.5898600324033 -0.0
298.15 CU ZR 0.27 0.73 -8292.023 6492.066 49.586076 -14784.0885594 0.0 0.0 -6590.354289999999 -1445.8801024662048 -0.0
298.15 CU ZR 0.28 0.72 -8317.107 6460.731 49.565111 -14777.83784465 0.0 0.0 -6585.566559999999 -1469.9124032129614 -0.0
298.15 CU ZR 0.29 0.71 -8340.702 6429.325 49.538912 -14770.0266128 0.0 0.0 -6580.778829999999 -1492.7148576699553 -0.0
298.15 CU ZR 0.3 0.7 -8362.833 6397.847 49.507565 -14760.680504749998 0.0 0.0 -6575.991099999999 -1514.313164037668 -0.0
298.15 CU ZR 0.31 0.69 -8383.525 6366.298 49.471147 -14749.822478049999 0.0 0.0 -6571.203369999999 -1534.730844232385 -0.0
298.15 CU ZR 0.32 0.68 -8402.797 6334.677 49.429732 -14737.474595799998 0.0 0.0 -6566.415639999999 -1553.9894352015579 -0.0
298.15 CU ZR 0.33 0.67 -8420.671 6302.986 49.383385 -14723.656237749998 0.0 0.0 -6561.627909999999 -1572.1086551954763 -0.0
298.15 CU ZR 0.34 0.66 -8437.164 6271.222 49.332168 -14708.385889199999 0.0 0.0 -6556.840179999999 -1589.1065487133012 -0.0
298.15 CU ZR 0.35 0.65 -8452.292 6239.388 49.276135 -14691.679650249998 0.0 0.0 -6552.052449999999 -1604.9996131775667 -0.0
298.15 CU ZR 0.36 0.64 -8466.071 6207.482 49.215336 -14673.552428399998 0.0 0.0 -6547.26472 -1619.8029098595373 -0.0
298.15 CU ZR 0.37 0.63 -8478.514 6175.504 49.149819 -14654.01853485 0.0 0.0 -6542.476989999999 -1633.5301611487748 -0.0
298.15 CU ZR 0.38 0.62 -8489.635 6143.455 49.079624 -14633.0898956 0.0 0.0 -6537.68926 -1646.193835911596 -0.0
298.15 CU ZR 0.39 0.61 -8499.443 6111.335 49.004791 -14610.778436649998 0.0 0.0 -6532.901529999999 -1657.8052243977716 -0.0
298.15 CU ZR 0.4 0.6 -8507.95 6079.143 48.925351 -14587.09340065 0.0 0.0 -6528.113799999999 -1668.3745039196444 -0.0
298.15 CU ZR 0.41 0.59 -8515.164 6046.88 48.841338 -14562.0449247 0.0 0.0 -6523.326070000001 -1677.9107963326926 -0.0
298.15 CU ZR 0.42 0.58 -8521.094 6014.546 48.752776 -14535.640164399998 0.0 0.0 -6518.538340000001 -1686.4222181834425 -0.0
298.15 CU ZR 0.43 0.57 -8525.747 5982.14 48.659692 -14507.887169799998 0.0 0.0 -6513.750610000001 -1693.9159242532326 -0.0
298.15 CU ZR 0.44 0.56 -8529.128 5949.663 48.562105 -14478.791605749999 0.0 0.0 -6508.962880000001 -1700.3981451097393 -0.0
298.15 CU ZR 0.45 0.55 -8531.244 5917.115 48.460033 -14448.35883895 0.0 0.0 -6504.17515 -1705.8742191782392 -0.0
298.15 CU ZR 0.46 0.54 -8532.099 5884.495 48.353492 -14416.5936398 0.0 0.0 -6499.38742 -1710.3486197582595 -0.0
298.15 CU ZR 0.47 0.53 -8531.696 5851.803 48.242493 -14383.49928795 0.0 0.0 -6494.59969 -1713.8249773357109 -0.0
298.15 CU ZR 0.48 0.52 -8530.038 5819.041 48.127046 -14349.0787649 0.0 0.0 -6489.81196 -1716.3060974737868 -0.0
298.15 CU ZR 0.49 0.51 -8527.128 5786.206 48.007158 -14313.334157699997 0.0 0.0 -6485.02423 -1717.7939745058845 -0.0
298.15 CU ZR 0.5 0.5 -8522.966 5753.301 47.882832 -14276.266360799998 0.0 0.0 -6480.2365 -1718.289801199083 -0.0
298.15 CU ZR 0.51 0.49 -8517.552 5720.324 47.754071 -14237.87626865 0.0 0.0 -6475.44877 -1717.7939745058845 -0.0
298.15 CU ZR 0.52 0.48 -8510.887 5687.276 47.620872 -14198.162986799998 0.0 0.0 -6470.66104 -1716.3060974737868 -0.0
298.15 CU ZR 0.53 0.47 -8502.97 5654.156 47.483232 -14157.1256208 0.0 0.0 -6465.87331 -1713.8249773357109 -0.0
298.15 CU ZR 0.54 0.46 -8493.797 5620.965 47.341143 -14114.76178545 0.0 0.0 -6461.08558 -1710.3486197582595 -0.0
298.15 CU ZR 0.55 0.45 -8483.367 5587.702 47.194598 -14071.069393699998 0.0 0.0 -6456.297850000001 -1705.8742191782392 -0.0
298.15 CU ZR 0.56 0.44 -8471.676 5554.369 47.043582 -14026.043973299998 0.0 0.0 -6451.51012 -1700.3981451097393 -0.0
298.15 CU ZR 0.57 0.43 -8458.719 5520.963 46.888083 -13979.681946449999 0.0 0.0 -6446.72239 -1693.9159242532328 -0.0
298.15 CU ZR 0.58 0.42 -8444.49 5487.487 46.72808 -13931.977051999998 0.0 0.0 -6441.93466 -1686.4222181834425 -0.0
298.15 CU ZR 0.59 0.41 -8428.985 5453.939 46.563554 -13882.9236251 0.0 0.0 -6437.146930000001 -1677.910796332693 -0.0
298.15 CU ZR 0.6 0.4 -8412.195 5420.319 46.394481 -13832.514510149998 0.0 0.0 -6432.359200000001 -1668.3745039196444 -0.0
298.15 CU ZR 0.61 0.39 -8394.113 5386.628 46.220833 -13780.74135895 0.0 0.0 -6427.571470000001 -1657.8052243977716 -0.0
298.15 CU ZR 0.62 0.38 -8374.729 5352.866 46.04258 -13727.595227 0.0 0.0 -6422.783740000001 -1646.193835911596 -0.0
298.15 CU ZR 0.63 0.37 -8354.033 5319.033 45.859688 -13673.065977199998 0.0 0.0 -6417.99601 -1633.5301611487748 -0.0
298.15 CU ZR 0.64 0.36 -8332.014 5285.128 45.672118 -13617.141981699999 0.0 0.0 -6413.20828 -1619.8029098595373 -0.0
298.15 CU ZR 0.65 0.35 -8308.66 5251.151 45.479829 -13559.81101635 0.0 0.0 -6408.42055 -1604.9996131775667 -0.0
298.15 CU ZR 0.66 0.34 -8283.956 5217.103 45.282775 -13501.05936625 0.0 0.0 -6403.63282 -1589.106548713301 -0.0
298.15 CU ZR 0.67 0.33 -8257.888 5182.984 45.080906 -13440.872123899999 0.0 0.0 -6398.845090000001 -1572.1086551954763 -0.0
298.15 CU ZR 0.68 0.32 -8230.439 5148.794 44.874165 -13379.232294749998 0.0 0.0 -6394.05736 -1553.9894352015576 -0.0
298.15 CU ZR 0.69 0.31 -8201.591 5114.532 44.662494 -13316.1225861 0.0 0.0 -6389.269630000001 -1534.730844232385 -0.0
298.15 CU ZR 0.7 0.3 -8171.324 5080.198 44.445824 -13251.5224256 0.0 0.0 -6384.481900000001 -1514.313164037668 -0.0
298.15 CU ZR 0.71 0.29 -8139.617 5045.794 44.224085 -13185.410942749999 0.0 0.0 -6379.69417 -1492.7148576699553 -0.0
298.15 CU ZR 0.72 0.28 -8106.447 5011.318 43.997197 -13117.76428555 0.0 0.0 -6374.906440000001 -1469.9124032129614 -0.0
298.15 CU ZR 0.73 0.27 -8071.787 4976.77 43.765074 -13048.556813099998 0.0 0.0 -6370.11871 -1445.8801024662048 -0.0
298.15 CU ZR 0.74 0.26 -8035.609 4942.151 43.527622 -12977.760499299999 0.0 0.0 -6365.330980000001 -1420.5898600324033 -0.0
298.15 CU ZR 0.75 0.25 -7997.884 4907.461 43.284738 -12905.344634699999 0.0 0.0 -6360.543250000001 -1394.0109271940482 -0.0
298.15 CU ZR 0.76 0.24 -7958.576 4872.699 43.036308 -12831.275230199999 0.0 0.0 -6355.755520000001 -1366.1096036088943 -0.0
298.15 CU ZR 0.77 0.23 -7917.649 4837.866 42.782209 -12755.51561335 0.0 0.0 -6350.967790000001 -1336.8488881016199 -0.0
298.15 CU ZR 0.78 0.22 -7875.063 4802.962 42.522304 -12678.0249376 0.0 0.0 -6346.18006 -1306.188067542519 -0.0
298.15 CU ZR 0.79 0.21 -7830.772 4767.986 42.256442 -12598.758182299998 0.0 0.0 -6341.392330000001 -1274.08222978906 -0.0
298.15 CU ZR 0.8 0.2 -7784.727 4732.939 41.984458 -12517.666152699998 0.0 0.0 -6336.6046 -1240.4816826440385 -0.0
298.15 CU ZR 0.81 0.19 -7736.873 4697.82 41.706164 -12434.6927966 0.0 0.0 -6331.816870000001 -1205.3312553507324 -0.0
298.15 CU ZR 0.82 0.18 -7687.148 4662.63 41.421357 -12349.77758955 0.0 0.0 -6327.029140000001 -1168.5694517045058 -0.0
298.15 CU ZR 0.83 0.17 -7635.482 4627.369 41.129803 -12262.85076445 0.0 0.0 -6322.2414100000005 -1130.127413516092 -0.0
298.15 CU ZR 0.84 0.16 -7581.8 4592.036 40.831245 -12173.83569675 0.0 0.0 -6317.4536800000005 -1089.9276385420173 -0.0
298.15 CU ZR 0.85 0.15 -7526.012 4556.632 40.525386 -12082.643835899999 0.0 0.0 -6312.66595 -1047.882375954332 -0.0
298.15 CU ZR 0.86 0.14 -7468.02 4521.156 40.211892 -11989.175599799999 0.0 0.0 -6307.8782200000005 -1003.8915915105914 -0.0
298.15 CU ZR 0.87 0.13 -7407.707 4485.609 39.890378 -11893.3162007 0.0 0.0 -6303.09049 -957.840348132521 -0.0
298.15 CU ZR 0.88 0.12 -7344.941 4449.991 39.560395 -11794.931769249999 0.0 0.0 -6298.3027600000005 -909.5953759771999 -0.0
298.15 CU ZR 0.89 0.11 -7279.566 4414.301 39.221421 -11693.86667115 0.0 0.0 -6293.5150300000005 -859.000492370776 -0.0
298.15 CU ZR 0.9 0.1 -7211.396 4378.54 38.872834 -11589.935457099999 0.0 0.0 -6288.7273000000005 -805.870345271772 -0.0
298.15 CU ZR 0.91 0.09 -7140.208 4342.707 38.513885 -11482.91481275 0.0 0.0 -6283.9395700000005 -749.9816351924775 -0.0
298.15 CU ZR 0.92 0.08 -7065.727 4306.803 38.143654 -11372.5304401 0.0 0.0 -6279.15184 -691.0604007790713 -0.0
298.15 CU ZR 0.93 0.07 -6987.611 4270.828 37.760989 -11258.438870349999 0.0 0.0 -6274.36411 -628.762877359387 -0.0
298.15 CU ZR 0.94 0.06 -6905.415 4234.781 37.364402 -11140.196456299998 0.0 0.0 -6269.57638 -562.6452650375951 -0.0
298.15 CU ZR 0.95 0.05 -6818.545 4198.663 36.951897 -11017.20809055 0.0 0.0 -6264.78865 -492.1129705067989 -0.0
298.15 CU ZR 0.96 0.04 -6726.163 4162.474 36.520666 -10888.6365679 0.0 0.0 -6260.00092 -416.3281974105133 -0.0
298.15 CU ZR 0.97 0.03 -6626.999 4126.213 36.06645 -10753.2120675 0.0 0.0 -6255.21319 -334.02154674813966 -0.0
298.15 CU ZR 0.98 0.02 -6518.897 4089.88 35.582015 -10608.77777225 0.0 0.0 -6250.42546 -243.03584172567562 -0.0
298.15 CU ZR 0.99 0.01 -6397.311 4053.477 35.052115 -10450.788087249999 0.0 0.0 -6245.63773 -138.82602141683583 -0.0
1120.0 CU ZR 0.0 1.0 -62490.28 29013.18 81.699522 -91503.46464 0.0 0.0 -62490.28 0.0 -0.0
1120.0 CU ZR 1.0 0.0 -51730.47 26315.77 69.684151 -78046.24912 0.0 0.0 -51730.47 0.0 -0.0
1120.0 CU ZR 0.01 0.99 -62962.19 28989.74 82.099938 -91951.93056 0.0 0.0 -62382.681899999996 -521.4997282805838 -0.0
1120.0 CU ZR 0.02 0.98 -63302.89 28966.23 82.38314 -92269.1168 0.0 0.0 -62275.0838 -912.9637522480517 -0.0
1120.0 CU ZR 0.03 0.97 -63592.74 28942.65 82.620879 -92535.38448000001 0.0 0.0 -62167.4857 -1254.7514082103514 -0.0
1120.0 CU ZR 0.04 0.96 -63848.81 28918.99 82.828397 -92767.80463999999 0.0 0.0 -62059.8876 -1563.9362102960754 -0.0
1120.0 CU ZR 0.05 0.95 -64079.21 28895.27 83.012931 -92974.48272 0.0 0.0 -61952.2895 -1848.621589695169 -0.0
1120.0 CU ZR 0.06 0.94 -64288.72 28871.47 83.178738 -93160.18656 0.0 0.0 -61844.691399999996 -2113.5760417310294 -0.0
1120.0 CU ZR 0.07 0.93 -64480.46 28847.6 83.328629 -93328.06448 0.0 0.0 -61737.09329999999 -2361.9467470820528 -0.0
1120.0 CU ZR 0.08 0.92 -64656.69 28823.66 83.464596 -93480.34752 0.0 0.0 -61629.4952 -2595.9672945583106 -0.0
1130.0 CU ZR 0.0 1.0 -63308.51 29290.26 81.945814 -92598.76982 0.0 0.0 -63308.51 0.0 -0.0
1130.0 CU ZR 1.0 0.0 -52428.61 26606.03 69.942161 -79034.64193 0.0 0.0 -52428.61 0.0 -0.0
1130.0 CU ZR 0.01 0.99 -63784.42 29266.95 82.346346 -93051.37097999999 0.0 0.0 -63199.710999999996 -526.1559758545175 -0.0
1130.0 CU ZR 0.02 0.98 -64127.95 29243.57 82.629666 -93371.52258 0.0 0.0 -63090.912000000004 -921.1152143216948 -0.0
1130.0 CU ZR 0.03 0.97 -64420.18 29220.12 82.867521 -93640.29873 0.0 0.0 -62982.113 -1265.954545783658 -0.0
1130.0 CU ZR 0.04 0.96 -64678.33 29196.6 83.075157 -93874.92741 0.0 0.0 -62873.314 -1577.899926459433 -0.0
1130.0 CU ZR 0.05 0.95 -64910.58 29173.0 83.259808 -94083.58304000001 0.0 0.0 -62764.515 -1865.1271396031611 -0.0
1130.0 CU ZR 0.06 0.94 -65121.74 29149.34 83.425733 -94271.07828999999 0.0 0.0 -62655.716 -2132.447256389342 -0.0
1130.0 CU ZR 0.07 0.93 -65314.98 29125.6 83.57574 -94440.58619999999 0.0 0.0 -62546.916999999994 -2383.035557323856 -0.0
1130.0 CU ZR 0.08 0.92 -65492.57 29101.79 83.711825 -94594.36225 0.0 0.0 -62438.11800000001 -2619.1455739740095 -0.0
1140.0 CU ZR 0.0 1.0 -64129.19 29567.77 82.190321 -93696.96594 0.0 0.0 -64129.19 0.0 -0.0
1140.0 CU ZR 1.0 0.0 -53129.31 26896.67 70.198226 -80025.97764000001 0.0 0.0 -53129.31 0.0 -0.0
1140.0 CU ZR 0.01 0.99 -64609.11 29544.6 82.590969 -94153.70466 0.0 0.0 -64019.1912 -530.8122234284513 -0.0
1140.0 CU ZR 0.02 0.98 -64955.47 29521.35 82.874404 -94476.82056 0.0 0.0 -63909.1924 -929.2666763953382 -0.0
1140.0 CU ZR 0.03 0.97 -65250.08 29498.03 83.112375 -94748.1075 0.0 0.0 -63799.1936 -1277.1576833569648 -0.0
1140.0 CU ZR 0.04 0.96 -65510.31 29474.64 83.320126 -94984.94364 0.0 0.0 -63689.194800000005 -1591.8636426227908 -0.0
1140.0 CU ZR 0.05 0.95 -65744.4 29451.17 83.504893 -95195.57802 0.0 0.0 -63579.195999999996 -1881.6326895111538 -0.0
1140.0 CU ZR 0.06 0.94 -65957.22 29427.64 83.670933 -95384.86362 0.0 0.0 -63469.1972 -2151.318471047655 -0.0
1140.0 CU ZR 0.07 0.93 -66151.97 29404.03 83.821056 -95556.00384 0.0 0.0 -63359.198399999994 -2404.1243675656606 -0.0
1140.0 CU ZR 0.08 0.92 -66330.92 29380.36 83.957256 -95711.27184 0.0 0.0 -63249.19960000001 -2642.323853389709 -0.0
1150.0 CU ZR 0.0 1.0 -64952.31 29845.73 82.43308 -94798.042 0.0 0.0 -64952.31 0.0 -0.0
1150.0 CU ZR 1.0 0.0 -53832.57 27187.67 70.452376 -81020.23240000001 0.0 0.0 -53832.57 0.0 -0.0
1150.0 CU ZR 0.01 0.99 -65436.23 29822.69 82.833843 -95258.91945 0.0 0.0 -64841.1126 -535.4684710023851 -0.0
1150.0 CU ZR 0.02 0.98 -65785.43 29799.57 83.117392 -95585.0008 0.0 0.0 -64729.915199999996 -937.4181384689815 -0.0
1150.0 CU ZR 0.03 0.97 -66082.42 29776.38 83.355477 -95858.79854999999 0.0 0.0 -64618.71779999999 -1288.3608209302713 -0.0
1150.0 CU ZR 0.04 0.96 -66344.73 29753.12 83.563342 -96097.84330000001 0.0 0.0 -64507.520399999994 -1605.8273587861486 -0.0
1150.0 CU ZR 0.05 0.95 -66580.67 29729.78 83.748222 -96310.4553 0.0 0.0 -64396.323 -1898.1382394191464 -0.0
1150.0 CU ZR 0.06 0.94 -66795.15 29706.38 83.914376 -96501.53240000001 0.0 0.0 -64285.12559999999 -2170.189685705968 -0.0
1150.0 CU ZR 0.07 0.93 -66991.4 29682.9 84.064613 -96674.30494999999 0.0 0.0 -64173.928199999995 -2425.2131778074645 -0.0
1150.0 CU ZR 0.08 0.92 -67171.71 29659.36 84.200927 -96831.06605 0.0 0.0 -64062.730800000005 -2665.502132805408 -0.0
1160.0 CU ZR 0.0 1.0 -65777.85 30124.14 82.674129 -95901.98963999999 0.0 0.0 -65777.85 0.0 -0.0
1160.0 CU ZR 1.0 0.0 -54538.35 27479.03 70.704643 -82017.38588 0.0 0.0 -54538.35 0.0 -0.0
1160.0 CU ZR 0.01 0.99 -66265.78 30101.22 83.075003 -96367.00348 0.0 0.0 -65665.455 -540.1247185763189 -0.0
1160.0 CU ZR 0.02 0.98 -66617.82 30078.24 83.358664 -96696.05024000001 0.0 0.0 -65553.06000000001 -945.5696005426249 -0.0
1160.0 CU ZR 0.03 0.97 -66917.18 30055.18 83.596861 -96972.35876 0.0 0.0 -65440.66500000001 -1299.563958503578 -0.0
1160.0 CU ZR 0.04 0.96 -67181.57 30032.04 83.804839 -97213.61324 0.0 0.0 -65328.270000000004 -1619.7910749495065 -0.0
1160.0 CU ZR 0.05 0.95 -67419.36 30008.84 83.989832 -97428.20512000001 0.0 0.0 -65215.87500000001 -1914.643789327139 -0.0
1160.0 CU ZR 0.06 0.94 -67635.51 29985.57 84.156098 -97621.07368 0.0 0.0 -65103.48 -2189.0609003642803 -0.0
1160.0 CU ZR 0.07 0.93 -67833.26 29962.22 84.306447 -97795.47852 0.0 0.0 -64991.08500000001 -2446.301988049269 -0.0
1160.0 CU ZR 0.08 0.92 -68014.93 29938.8 84.442873 -97953.73268 0.0 0.0 -64878.69000000001 -2688.6804122211074 -0.0
1170.0 CU ZR 0.0 1.0 -66605.79 30403.01 82.9135 -97008.795 0.0 0.0 -66605.79 0.0 -0.0
1170.0 CU ZR 1.0 0.0 -55246.65 27770.76 70.955057 -83017.41669 0.0 0.0 -55246.65 0.0 -0.0
1170.0 CU ZR 0.01 0.99 -67097.73 30380.22 83.314485 -97477.94745 0.0 0.0 -66492.19859999999 -544.7809661502525 -0.0
1170.0 CU ZR 0.02 0.98 -67452.6 30357.36 83.598256 -97809.95952 0.0 0.0 -66378.6072 -953.7210626162681 -0.0
1170.0 CU ZR 0.03 0.97 -67754.35 30334.43 83.836564 -98088.77988 0.0 0.0 -66265.0158 -1310.7670960768846 -0.0
1170.0 CU ZR 0.04 0.96 -68020.82 30311.42 84.044651 -98332.24167 0.0 0.0 -66151.42439999999 -1633.7547911128643 -0.0
1170.0 CU ZR 0.05 0.95 -68260.46 30288.35 84.229755 -98548.81335 0.0 0.0 -66037.83299999998 -1931.1493392351315 -0.0
1170.0 CU ZR 0.06 0.94 -68478.27 30265.2 84.396131 -98743.47327 0.0 0.0 -65924.2416 -2207.932115022593 -0.0
1170.0 CU ZR 0.07 0.93 -68677.52 30241.99 84.546591 -98919.51147000001 0.0 0.0 -65810.65019999999 -2467.3907982910723 -0.0
1170.0 CU ZR 0.08 0.92 -68860.56 30218.7 84.683128 -99079.25976 0.0 0.0 -65697.0588 -2711.8586916368063 -0.0
1180.0 CU ZR 0.0 1.0 -67436.11 30682.34 83.151228 -98118.44904 0.0 0.0 -67436.11 0.0 -0.0
1180.0 CU ZR 1.0 0.0 -55957.45 28062.86 71.20365 -84020.307 0.0 0.0 -55957.45 0.0 -0.0
1180.0 CU ZR 0.01 0.99 -67932.06 30659.68 83.552321 -98591.73878000001 0.0 0.0 -67321.32340000001 -549.4372137241863 -0.0
1180.0 CU ZR 0.02 0.98 -68289.77 30636.94 83.836202 -98926.71836 0.0 0.0 -67206.5368 -961.8725246899114 -0.0
1180.0 CU ZR 0.03 0.97 -68593.91 30614.14 84.074618 -99208.04924000001 0.0 0.0 -67091.7502 -1321.9702336501914 -0.0
1180.0 CU ZR 0.04 0.96 -68862.46 30591.26 84.282814 -99453.72052 0.0 0.0 -66976.9636 -1647.718507276222 -0.0
1180.0 CU ZR 0.05 0.95 -69103.95 30568.32 84.468026 -99672.27067999999 0.0 0.0 -66862.177 -1947.6548891431241 -0.0
1180.0 CU ZR 0.06 0.94 -69323.42 30545.3 84.634511 -99868.72298 0.0 0.0 -66747.39039999999 -2226.803329680906 -0.0
1180.0 CU ZR 0.07 0.93 -69524.18 30522.21 84.785079 -100046.39322 0.0 0.0 -66632.6038 -2488.4796085328767 -0.0
1180.0 CU ZR 0.08 0.92 -69708.59 30499.05 84.921725 -100207.63549999999 0.0 0.0 -66517.8172 -2735.0369710525056 -0.0
1190.0 CU ZR 0.0 1.0 -68268.81 30962.14 83.387346 -99230.94174 0.0 0.0 -68268.81 0.0 -0.0
1190.0 CU ZR 1.0 0.0 -56670.72 28355.32 71.45045 -85026.0355 0.0 0.0 -56670.72 0.0 -0.0
1190.0 CU ZR 0.01 0.99 -68768.77 30939.6 83.788547 -99708.37092999999 0.0 0.0 -68152.8291 -554.0934612981201 -0.0
1190.0 CU ZR 0.02 0.98 -69129.32 30917.0 84.072533 -100046.31427 0.0 0.0 -68036.8482 -970.0239867635548 -0.0
1190.0 CU ZR 0.03 0.97 -69435.84 30894.32 84.311056 -100330.15663999999 0.0 0.0 -67920.8673 -1333.1733712234982 -0.0
1190.0 CU ZR 0.04 0.96 -69706.47 30871.57 84.51936 -100578.0384 0.0 0.0 -67804.8864 -1661.68222343958 -0.0
1190.0 CU ZR 0.05 0.95 -69949.82 30848.75 84.704679 -100798.56801 0.0 0.0 -67688.9055 -1964.1604390511168 -0.0
1190.0 CU ZR 0.06 0.94 -70170.95 30825.86 84.87127 -100996.8113 0.0 0.0 -67572.9246 -2245.6745443392188 -0.0
1190.0 CU ZR 0.07 0.93 -70373.22 30802.9 85.021945 -101176.11455 0.0 0.0 -67456.94369999999 -2509.5684187746806 -0.0
1190.0 CU ZR 0.08 0.92 -70558.99 30779.86 85.158698 -101338.85062 0.0 0.0 -67340.96280000001 -2758.215250468205 -0.0
1200.0 CU ZR 0.0 1.0 -69103.85 31242.41 83.621887 -100346.2644 0.0 0.0 -69103.85 0.0 -0.0
1200.0 CU ZR 1.0 0.0 -57386.45 28648.13 71.695485 -86034.58200000001 0.0 0.0 -57386.45 0.0 -0.0
1200.0 CU ZR 0.01 0.99 -69607.83 31220.0 84.023192 -100827.83039999999 0.0 0.0 -68986.676 -558.7497088720539 -0.0
1200.0 CU ZR 0.02 0.98 -69971.22 31197.52 84.307284 -101168.7408 0.0 0.0 -68869.50200000001 -978.1754488371981 -0.0
1200.0 CU ZR 0.03 0.97 -70280.13 31174.97 84.545912 -101455.0944 0.0 0.0 -68752.32800000001 -1344.376508796805 -0.0
1200.0 CU ZR 0.04 0.96 -70552.84 31152.35 84.75432 -101705.18400000001 0.0 0.0 -68635.154 -1675.645939602938 -0.0
1200.0 CU ZR 0.05 0.95 -70798.04 31129.65 84.939744 -101927.6928 0.0 0.0 -68517.98 -1980.6659889591094 -0.0
1200.0 CU ZR 0.06 0.94 -71020.84 31106.89 85.106441 -102127.7292 0.0 0.0 -68400.806 -2264.5457589975313 -0.0
1200.0 CU ZR 0.07 0.93 -71224.62 31084.05 85.257221 -102308.6652 0.0 0.0 -68283.632 -2530.657229016485 -0.0
1200.0 CU ZR 0.08 0.92 -71411.75 31061.14 85.394078 -102472.8936 0.0 0.0 -68166.45800000001 -2781.393529883904 -0.0
1210.0 CU ZR 0.0 1.0 -69941.24 31523.17 83.854882 -101464.40722000001 0.0 0.0 -69941.24 0.0 -0.0
1210.0 CU ZR 1.0 0.0 -58104.62 28941.3 71.938783 -87045.92743 0.0 0.0 -58104.62 0.0 -0.0
1210.0 CU ZR 0.01 0.99 -70449.23 31500.88 84.25629 -101950.11090000001 0.0 0.0 -69822.8738 -563.4059564459877 -0.0
1210.0 CU ZR 0.02 0.98 -70815.46 31478.53 84.540485 -102293.98685 0.0 0.0 -69704.5076 -986.3269109108413 -0.0
1210.0 CU ZR 0.03 0.97 -71126.75 31456.1 84.779216 -102582.85136 0.0 0.0 -69586.14140000001 -1355.5796463701115 -0.0
1210.0 CU ZR 0.04 0.96 -71401.55 31433.6 84.987727 -102835.14967000001 0.0 0.0 -69467.7752 -1689.6096557662954 -0.0
1210.0 CU ZR 0.05 0.95 -71648.61 31411.03 85.173254 -103059.63734 0.0 0.0 -69349.409 -1997.1715388671018 -0.0
1210.0 CU ZR 0.06 0.94 -71873.08 31388.39 85.340054 -103261.46534 0.0 0.0 -69231.0428 -2283.416973655844 -0.0
1210.0 CU ZR 0.07 0.93 -72078.36 31365.67 85.490937 -103444.03377000001 0.0 0.0 -69112.67659999999 -2551.7460392582884 -0.0
1210.0 CU ZR 0.08 0.92 -72266.87 31342.89 85.627897 -103609.75537 0.0 0.0 -68994.31040000002 -2804.571809299603 -0.0
1220.0 CU ZR 0.0 1.0 -70780.95 31804.41 84.086362 -102585.36163999999 0.0 0.0 -70780.95 0.0 -0.0
1220.0 CU ZR 1.0 0.0 -58825.22 29234.83 72.180371 -88060.05261999999 0.0 0.0 -58825.22 0.0 -0.0
1220.0 CU ZR 0.01 0.99 -71292.95 31782.25 84.487871 -103075.20262 0.0 0.0 -70661.3927 -568.0622040199215 -0.0
1220.0 CU ZR 0.02 0.98 -71662.02 31760.02 84.772167 -103422.04374 0.0 0.0 -70541.8354 -994.4783729844847 -0.0
1220.0 CU ZR 0.03 0.97 -71975.7 31737.71 85.010999 -103713.41877999999 0.0 0.0 -70422.2781 -1366.7827839434183 -0.0
1220.0 CU ZR 0.04 0.96 -72252.59 31715.34 85.219611 -103967.92542 0.0 0.0 -70302.7208 -1703.5733719296534 -0.0
1220.0 CU ZR 0.05 0.95 -72501.5 31692.89 85.405239 -104194.39158 0.0 0.0 -70183.1635 -2013.6770887750945 -0.0
1220.0 CU ZR 0.06 0.94 -72727.64 31670.37 85.57214 -104398.0108 0.0 0.0 -70063.6062 -2302.2881883141567 -0.0
1220.0 CU ZR 0.07 0.93 -72934.43 31647.78 85.723124 -104582.21128 0.0 0.0 -69944.0489 -2572.834849500093 -0.0
1220.0 CU ZR 0.08 0.92 -73124.31 31625.12 85.860186 -104749.42692 0.0 0.0 -69824.49160000001 -2827.7500887153024 -0.0
1230.0 CU ZR 0.0 1.0 -71622.96 32086.16 84.316356 -103709.11788 0.0 0.0 -71622.96 0.0 -0.0
1230.0 CU ZR 1.0 0.0 -59548.23 29528.71 72.420276 -89076.93948 0.0 0.0 -59548.23 0.0 -0.0
1230.0 CU ZR 0.01 0.99 -72138.98 32064.12 84.717965 -104203.09695 0.0 0.0 -71502.2127 -572.7184515938553 -0.0
1230.0 CU ZR 0.02 0.98 -72510.9 32042.0 85.00236 -104552.9028 0.0 0.0 -71381.46540000002 -1002.629835058128 -0.0
1230.0 CU ZR 0.03 0.97 -72826.97 32019.82 85.241291 -104846.78793 0.0 0.0 -71260.7181 -1377.985921516725 -0.0
1230.0 CU ZR 0.04 0.96 -73105.94 31997.57 85.450003 -105103.50369 0.0 0.0 -71139.9708 -1717.537088093011 -0.0
1230.0 CU ZR 0.05 0.95 -73356.71 31975.24 85.63573 -105331.9479 0.0 0.0 -71019.22350000001 -2030.1826386830871 -0.0
1230.0 CU ZR 0.06 0.94 -73584.52 31952.84 85.80273 -105537.3579 0.0 0.0 -70898.4762 -2321.1594029724697 -0.0
1230.0 CU ZR 0.07 0.93 -73792.82 31930.37 85.953813 -105723.18999 0.0 0.0 -70777.7289 -2593.9236597418967 -0.0
1230.0 CU ZR 0.08 0.92 -73984.06 31907.83 86.090973 -105891.89679000001 0.0 0.0 -70656.9816 -2850.9283681310017 -0.0
1240.0 CU ZR 0.0 1.0 -72467.27 32368.4 84.544896 -104835.67103999999 0.0 0.0 -72467.27 0.0 -0.0
1240.0 CU ZR 1.0 0.0 -60273.62 29822.95 72.658523 -90096.56852 0.0 0.0 -60273.62 0.0 -0.0
1240.0 CU ZR 0.01 0.99 -72987.3 32346.48 84.946602 -105333.78648 0.0 0.0 -72345.33350000001 -577.3746991677891 -0.0
1240.0 CU ZR 0.02 0.98 -73362.07 32324.49 85.231094 -105686.55656 0.0 0.0 -72223.397 -1010.7812971317715 -0.0
1240.0 CU ZR 0.03 0.97 -73680.53 32302.43 85.470122 -105982.95128000001 0.0 0.0 -72101.4605 -1389.1890590900318 -0.0
1240.0 CU ZR 0.04 0.96 -73961.58 32280.29 85.67893 -106241.87319999999 0.0 0.0 -71979.524 -1731.500804256369 -0.0
1240.0 CU ZR 0.05 0.95 -74214.21 32258.08 85.864755 -106472.2962 0.0 0.0 -71857.5875 -2046.6881885910798 -0.0
1240.0 CU ZR 0.06 0.94 -74443.69 32235.81 86.031852 -106679.49648 0.0 0.0 -71735.651 -2340.0306176307827 -0.0
1240.0 CU ZR 0.07 0.93 -74653.5 32213.46 86.183032 -106866.95968 0.0 0.0 -71613.7145 -2615.012469983701 -0.0
1240.0 CU ZR 0.08 0.92 -74846.12 32191.04 86.320289 -107037.15836 0.0 0.0 -71491.778 -2874.106647546701 -0.0
1250.0 CU ZR 0.0 1.0 -73313.85 32651.16 84.772009 -105965.01125 0.0 0.0 -73313.85 0.0 -0.0
1250.0 CU ZR 1.0 0.0 -61001.39 30117.53 72.895138 -91118.9225 0.0 0.0 -61001.39 0.0 -0.0
1250.0 CU ZR 0.01 0.99 -73837.91 32629.35 85.173809 -106467.26125000001 0.0 0.0 -73190.72540000001 -582.0309467417228 -0.0
1250.0 CU ZR 0.02 0.98 -74215.52 32607.48 85.458397 -106822.99625000001 0.0 0.0 -73067.6008 -1018.9327592054146 -0.0
1250.0 CU ZR 0.03 0.97 -74536.37 32585.53 85.69752 -107121.9 0.0 0.0 -72944.4762 -1400.3921966633384 -0.0
1250.0 CU ZR 0.04 0.96 -74819.51 32563.52 85.906423 -107383.02875 0.0 0.0 -72821.35160000001 -1745.4645204197266 -0.0
1250.0 CU ZR 0.05 0.95 -75074.0 32541.43 86.092342 -107615.4275 0.0 0.0 -72698.227 -2063.193738499072 -0.0
1250.0 CU ZR 0.06 0.94 -75305.15 32519.27 86.259535 -107824.41875 0.0 0.0 -72575.1024 -2358.9018322890947 -0.0
1250.0 CU ZR 0.07 0.93 -75516.47 32497.04 86.41081 -108013.5125 0.0 0.0 -72451.9778 -2636.1012802255045 -0.0
1250.0 CU ZR 0.08 0.92 -75710.47 32474.74 86.548162 -108185.2025 0.0 0.0 -72328.85320000001 -2897.2849269624 -0.0
1260.0 CU ZR 0.0 1.0 -74162.7 32934.43 84.997723 -107097.13097999999 0.0 0.0 -74162.7 0.0 -0.0
1260.0 CU ZR 1.0 0.0 -61731.52 30412.46 73.130145 -92143.9827 0.0 0.0 -61731.52 0.0 -0.0
1260.0 CU ZR 0.01 0.99 -74690.78 32912.74 85.399617 -107603.51742 0.0 0.0 -74038.38819999999 -586.6871943156566 -0.0
1260.0 CU ZR 0.02 0.98 -75071.23 32890.98 85.684297 -107962.21422 0.0 0.0 -73914.07639999999 -1027.084221279058 -0.0
1260.0 CU ZR 0.03 0.97 -75394.47 32869.15 85.923513 -108263.62638 0.0 0.0 -73789.7646 -1411.5953342366452 -0.0
1260.0 CU ZR 0.04 0.96 -75679.71 32847.26 86.132509 -108526.96134 0.0 0.0 -73665.4528 -1759.4282365830845 -0.0
1260.0 CU ZR 0.05 0.95 -75936.05 32825.28 86.318521 -108761.33646 0.0 0.0 -73541.14099999999 -2079.6992884070646 -0.0
1260.0 CU ZR 0.06 0.94 -76168.88 32803.24 86.485807 -108972.11682 0.0 0.0 -73416.8292 -2377.7730469474077 -0.0
1260.0 CU ZR 0.07 0.93 -76381.71 32781.13 86.637175 -109162.8405 0.0 0.0 -73292.51739999998 -2657.190090467309 -0.0
1260.0 CU ZR 0.08 0.92 -76577.08 32758.94 86.77462 -109336.0212 0.0 0.0 -73168.20559999999 -2920.463206378099 -0.0
1270.0 CU ZR 0.0 1.0 -75013.8 33218.22 85.222067 -108232.02509 0.0 0.0 -75013.8 0.0 -0.0
1270.0 CU ZR 1.0 0.0 -62463.99 30707.74 73.363568 -93171.73136 0.0 0.0 -62463.99 0.0 -0.0
1270.0 CU ZR 0.01 0.99 -75545.9 33196.65 85.624051 -108742.54477 0.0 0.0 -74888.30189999999 -591.3434418895904 -0.0
1270.0 CU ZR 0.02 0.98 -75929.2 33175.01 85.908822 -109104.20394 0.0 0.0 -74762.80380000001 -1035.2356833527012 -0.0
1270.0 CU ZR 0.03 0.97 -76254.83 33153.29 86.148129 -109408.12383 0.0 0.0 -74637.3057 -1422.798471809952 -0.0
1270.0 CU ZR 0.04 0.96 -76542.16 33131.51 86.357216 -109673.66432 0.0 0.0 -74511.8076 -1773.3919527464425 -0.0
1270.0 CU ZR 0.05 0.95 -76800.36 33109.65 86.543319 -109910.01513 0.0 0.0 -74386.3095 -2096.2048383150573 -0.0
1270.0 CU ZR 0.06 0.94 -77034.86 33087.72 86.710695 -110122.58265 0.0 0.0 -74260.81139999999 -2396.6442616057207 -0.0
1270.0 CU ZR 0.07 0.93 -77249.21 33065.72 86.862154 -110314.93558 0.0 0.0 -74135.31330000001 -2678.278900709113 -0.0
1270.0 CU ZR 0.08 0.92 -77445.95 33043.65 86.99969 -110489.6063 0.0 0.0 -74009.81520000001 -2943.6414857937984 -0.0
1280.0 CU ZR 0.0 1.0 -75867.14 33502.54 85.445066 -109369.68448 0.0 0.0 -75867.14 0.0 -0.0
1280.0 CU ZR 1.0 0.0 -63198.78 31003.37 73.595431 -94202.15168000001 0.0 0.0 -63198.78 0.0 -0.0
1280.0 CU ZR 0.01 0.99 -76403.25 33481.09 85.847139 -109884.33791999999 0.0 0.0 -75740.4564 -595.9996894635242 -0.0
1280.0 CU ZR 0.02 0.98 -76789.4 33459.56 86.131999 -110248.95872 0.0 0.0 -75613.7728 -1043.3871454263447 -0.0
1280.0 CU ZR 0.03 0.97 -77117.43 33437.96 86.371394 -110555.38432 0.0 0.0 -75487.08919999999 -1434.0016093832587 -0.0
1280.0 CU ZR 0.04 0.96 -77406.85 33416.28 86.58057 -110823.12959999999 0.0 0.0 -75360.4056 -1787.3556689098002 -0.0
1280.0 CU ZR 0.05 0.95 -77666.92 33394.54 86.766762 -111061.45535999999 0.0 0.0 -75233.722 -2112.71038822305 -0.0
1280.0 CU ZR 0.06 0.94 -77903.08 33372.72 86.934226 -111275.80927999999 0.0 0.0 -75107.03839999999 -2415.5154762640336 -0.0
1280.0 CU ZR 0.07 0.93 -78118.95 33350.84 87.085774 -111469.79072 0.0 0.0 -74980.3548 -2699.367710950917 -0.0
1280.0 CU ZR 0.08 0.92 -78317.07 33328.88 87.223399 -111645.95072 0.0 0.0 -74853.67120000001 -2966.8197652094977 -0.0
1290.0 CU ZR 0.0 1.0 -76722.7 33787.4 85.666748 -110510.10492 0.0 0.0 -76722.7 0.0 -0.0
1290.0 CU ZR 1.0 0.0 -63935.89 31299.33 73.825756 -95235.22524 0.0 0.0 -63935.89 0.0 -0.0
1290.0 CU ZR 0.01 0.99 -77262.83 33766.06 86.068907 -111028.89003 0.0 0.0 -76594.8319 -600.655937037458 -0.0
1290.0 CU ZR 0.02 0.98 -77651.83 33744.64 86.353853 -111396.47037 0.0 0.0 -76466.9638 -1051.538607499988 -0.0
1290.0 CU ZR 0.03 0.97 -77982.25 33723.15 86.593335 -111705.40215 0.0 0.0 -76339.0957 -1445.2047469565655 -0.0
1290.0 CU ZR 0.04 0.96 -78273.76 33701.59 86.802598 -111975.35142 0.0 0.0 -76211.2276 -1801.3193850731582 -0.0
1290.0 CU ZR 0.05 0.95 -78535.69 33679.96 86.988876 -112215.65004000001 0.0 0.0 -76083.35949999999 -2129.2159381310425 -0.0
1290.0 CU ZR 0.06 0.94 -78773.54 33658.25 87.156427 -112431.79083 0.0 0.0 -75955.49139999998 -2434.3866909223466 -0.0
1290.0 CU ZR 0.07 0.93 -78990.92 33636.48 87.308061 -112627.39868999999 0.0 0.0 -75827.62329999999 -2720.4565211927215 -0.0
1290.0 CU ZR 0.08 0.92 -79190.42 33614.63 87.445772 -112805.04588 0.0 0.0 -75699.7552 -2989.998044625197 -0.0
1300.0 CU ZR 0.0 1.0 -77580.47 34072.81 85.887138 -111653.27939999998 0.0 0.0 -77580.47 0.0 -0.0
1300.0 CU ZR 1.0 0.0 -64675.29 31595.64 74.054566 -96270.93579999999 0.0 0.0 -64675.29 0.0 -0.0
1300.0 CU ZR 0.01 0.99 -78124.63 34051.57 86.289382 -112176.19660000001 0.0 0.0 -77451.4182 -605.3121846113918 -0.0
1300.0 CU ZR 0.02 0.98 -78516.48 34030.26 86.574412 -112546.7356 0.0 0.0 -77322.3664 -1059.6900695736313 -0.0
1300.0 CU ZR 0.03 0.97 -78849.29 34008.88 86.813978 -112858.1714 0.0 0.0 -77193.3146 -1456.4078845298718 -0.0
1300.0 CU ZR 0.04 0.96 -79142.89 33987.43 87.023325 -113130.3225 0.0 0.0 -77064.2628 -1815.2831012365157 -0.0
1300.0 CU ZR 0.05 0.95 -79406.69 33965.9 87.209687 -113372.5931 0.0 0.0 -76935.211 -2145.721488039035 -0.0
1300.0 CU ZR 0.06 0.94 -79646.21 33944.31 87.377322 -113590.51860000001 0.0 0.0 -76806.1592 -2453.2579055806586 -0.0
1300.0 CU ZR 0.07 0.93 -79865.11 33922.64 87.52904 -113787.752 0.0 0.0 -76677.1074 -2741.545331434525 -0.0
1300.0 CU ZR 0.08 0.92 -80065.98 33900.91 87.666836 -113966.88680000001 0.0 0.0 -76548.0556 -3013.176324040896 -0.0
1310.0 CU ZR 0.0 1.0 -78440.44 34358.76 86.106262 -112799.20322 0.0 0.0 -78440.44 0.0 -0.0
1310.0 CU ZR 1.0 0.0 -65416.98 31892.29 74.281882 -97309.26542 0.0 0.0 -65416.98 0.0 -0.0
1310.0 CU ZR 0.01 0.99 -78988.62 34337.63 86.508587 -113326.24897 0.0 0.0 -78310.2054 -609.9684321853256 -0.0
1310.0 CU ZR 0.02 0.98 -79383.32 34316.43 86.793699 -113699.74569000001 0.0 0.0 -78179.97080000001 -1067.8415316472747 -0.0
1310.0 CU ZR 0.03 0.97 -79718.53 34295.16 87.033347 -114013.68457000001 0.0 0.0 -78049.7362 -1467.6110221031786 -0.0
1310.0 CU ZR 0.04 0.96 -80014.23 34273.81 87.242776 -114288.03656000001 0.0 0.0 -77919.5016 -1829.2468173998736 -0.0
1310.0 CU ZR 0.05 0.95 -80279.88 34252.39 87.42922 -114532.2782 0.0 0.0 -77789.267 -2162.227037947028 -0.0
1310.0 CU ZR 0.06 0.94 -80521.08 34230.91 87.596937 -114751.98747 0.0 0.0 -77659.0324 -2472.1291202389716 -0.0
1310.0 CU ZR 0.07 0.93 -80741.5 34209.35 87.748737 -114950.84547 0.0 0.0 -77528.79779999999 -2762.6341416763294 -0.0
1310.0 CU ZR 0.08 0.92 -80943.75 34187.72 87.886615 -115131.46565000001 0.0 0.0 -77398.5632 -3036.354603456595 -0.0
1320.0 CU ZR 0.0 1.0 -79302.59 34645.28 86.324143 -113947.86876000001 0.0 0.0 -79302.59 0.0 -0.0
1320.0 CU ZR 1.0 0.0 -66160.93 32189.27 74.507727 -98350.19964 0.0 0.0 -66160.93 0.0 -0.0
1320.0 CU ZR 0.01 0.99 -79854.79 34624.25 86.726548 -114479.04336 0.0 0.0 -79171.17339999999 -614.6246797592594 -0.0
1320.0 CU ZR 0.02 0.98 -80252.34 34603.15 87.01174 -114855.49680000001 0.0 0.0 -79039.75679999999 -1075.9929937209179 -0.0
1320.0 CU ZR 0.03 0.97 -80589.95 34581.98 87.251468 -115171.93776 0.0 0.0 -78908.34019999999 -1478.8141596764854 -0.0
1320.0 CU ZR 0.04 0.96 -80887.75 34560.74 87.460976 -115448.48832 0.0 0.0 -78776.9236 -1843.2105335632316 -0.0
1320.0 CU ZR 0.05 0.95 -81155.27 34539.43 87.6475 -115694.7 0.0 0.0 -78645.50699999998 -2178.7325878550205 -0.0
1320.0 CU ZR 0.06 0.94 -81398.14 34518.05 87.815296 -115916.19072 0.0 0.0 -78514.09039999999 -2491.0003348972846 -0.0
1320.0 CU ZR 0.07 0.93 -81620.08 34496.59 87.967176 -116116.67232 0.0 0.0 -78382.67379999999 -2783.7229519181333 -0.0
1320.0 CU ZR 0.08 0.92 -81823.71 34475.07 88.105133 -116298.77556 0.0 0.0 -78251.25720000001 -3059.5328828722945 -0.0
1330.0 CU ZR 0.0 1.0 -80166.92 34932.35 86.540807 -115099.27331 0.0 0.0 -80166.92 0.0 -0.0
1330.0 CU ZR 1.0 0.0 -66907.13 32486.59 74.73212 -99393.7196 0.0 0.0 -66907.13 0.0 -0.0
1330.0 CU ZR 0.01 0.99 -80723.14 34911.43 86.94329 -115634.5757 0.0 0.0 -80034.32209999999 -619.2809273331932 -0.0
1330.0 CU ZR 0.02 0.98 -81123.55 34890.44 87.228559 -116013.98347 0.0 0.0 -79901.7242 -1084.1444557945613 -0.0
1330.0 CU ZR 0.03 0.97 -81463.55 34869.37 87.468364 -116332.92412 0.0 0.0 -79769.1263 -1490.0172972497921 -0.0
1330.0 CU ZR 0.04 0.96 -81763.44 34848.23 87.677949 -116611.67216999999 0.0 0.0 -79636.5284 -1857.1742497265893 -0.0
1330.0 CU ZR 0.05 0.95 -82032.83 34827.02 87.86455 -116859.85149999999 0.0 0.0 -79503.93049999999 -2195.238137763013 -0.0
1330.0 CU ZR 0.06 0.94 -82277.38 34805.74 88.032424 -117083.12392000001 0.0 0.0 -79371.3326 -2509.8715495555975 -0.0
1330.0 CU ZR 0.07 0.93 -82500.84 34784.39 88.184381 -117285.22673000001 0.0 0.0 -79238.7347 -2804.8117621599376 -0.0
1330.0 CU ZR 0.08 0.92 -82705.85 34762.97 88.322416 -117468.81328 0.0 0.0 -79106.1368 -3082.711162287994 -0.0
1340.0 CU ZR 0.0 1.0 -81033.41 35220.01 86.756277 -116253.41118 0.0 0.0 -81033.41 0.0 -0.0
1340.0 CU ZR 1.0 0.0 -67655.56 32784.25 74.955083 -100439.81122 0.0 0.0 -67655.56 0.0 -0.0
1340.0 CU ZR 0.01 0.99 -81593.66 35199.18 87.158835 -116792.83889999999 0.0 0.0 -80899.6315 -623.9371749071269 -0.0
1340.0 CU ZR 0.02 0.98 -81996.91 35178.29 87.444179 -117175.19986000001 0.0 0.0 -80765.853 -1092.2959178682045 -0.0
1340.0 CU ZR 0.03 0.97 -82339.32 35157.32 87.684059 -117496.63906 0.0 0.0 -80632.0745 -1501.2204348230987 -0.0
1340.0 CU ZR 0.04 0.96 -82641.3 35136.28 87.893719 -117777.58346000001 0.0 0.0 -80498.296 -1871.137965889947 -0.0
1340.0 CU ZR 0.05 0.95 -82912.56 35115.17 88.080395 -118027.72929999999 0.0 0.0 -80364.5175 -2211.7436876710053 -0.0
1340.0 CU ZR 0.06 0.94 -83158.79 35093.99 88.248344 -118252.78096 0.0 0.0 -80230.739 -2528.74276421391 -0.0
1340.0 CU ZR 0.07 0.93 -83383.76 35072.74 88.400376 -118456.50383999999 0.0 0.0 -80096.9605 -2825.900572401741 -0.0
1340.0 CU ZR 0.08 0.92 -83590.15 35051.42 88.538485 -118641.56989999999 0.0 0.0 -79963.182 -3105.8894417036927 -0.0
1350.0 CU ZR 0.0 1.0 -81902.04 35508.24 86.970576 -117410.27759999999 0.0 0.0 -81902.04 0.0 -0.0
1350.0 CU ZR 1.0 0.0 -68406.22 33082.23 75.176635 -101488.45725 0.0 0.0 -68406.22 0.0 -0.0
1350.0 CU ZR 0.01 0.99 -82466.32 35487.51 87.373206 -117953.8281 0.0 0.0 -81767.0818 -628.5934224810607 -0.0
1350.0 CU ZR 0.02 0.98 -82872.43 35466.71 87.658623 -118339.14105 0.0 0.0 -81632.12359999999 -1100.4473799418479 -0.0
1350.0 CU ZR 0.03 0.97 -83217.23 35445.84 87.898575 -118663.07625 0.0 0.0 -81497.1654 -1512.4235723964055 -0.0
1350.0 CU ZR 0.04 0.96 -83521.31 35424.9 88.108308 -118946.21579999999 0.0 0.0 -81362.20719999999 -1885.1016820533048 -0.0
1350.0 CU ZR 0.05 0.95 -83794.43 35403.89 88.295057 -119198.32695 0.0 0.0 -81227.249 -2228.249237578998 -0.0
1350.0 CU ZR 0.06 0.94 -84042.35 35382.81 88.463078 -119425.1553 0.0 0.0 -81092.29079999999 -2547.6139788722226 -0.0
1350.0 CU ZR 0.07 0.93 -84268.84 35361.65 88.615183 -119630.49705 0.0 0.0 -80957.3326 -2846.9893826435455 -0.0
1350.0 CU ZR 0.08 0.92 -84476.61 35340.43 88.753365 -119817.04275000001 0.0 0.0 -80822.3744 -3129.067721119392 -0.0
1360.0 CU ZR 0.0 1.0 -82772.81 35797.06 87.183728 -118569.87008000001 0.0 0.0 -82772.81 0.0 -0.0
1360.0 CU ZR 1.0 0.0 -69159.09 33380.57 75.396812 -102539.66432 0.0 0.0 -69159.09 0.0 -0.0
1360.0 CU ZR 0.01 0.99 -83341.12 35776.43 87.586428 -119117.54208 0.0 0.0 -82636.67279999999 -633.2496700549945 -0.0
1360.0 CU ZR 0.02 0.98 -83750.08 35755.72 87.871915 -119505.80440000001 0.0 0.0 -82500.5356 -1108.5988420154913 -0.0
1360.0 CU ZR 0.03 0.97 -84097.29 35734.95 88.111937 -119832.23432 0.0 0.0 -82364.39839999999 -1523.6267099697122 -0.0
1360.0 CU ZR 0.04 0.96 -84403.46 35714.1 88.321741 -120117.56776 0.0 0.0 -82228.2612 -1899.0653982166627 -0.0
1360.0 CU ZR 0.05 0.95 -84678.45 35693.19 88.508559 -120371.64024000001 0.0 0.0 -82092.12399999998 -2244.7547874869906 -0.0
1360.0 CU ZR 0.06 0.94 -84928.05 35672.2 88.676651 -120600.24536000002 0.0 0.0 -81955.9868 -2566.4851935305355 -0.0
1360.0 CU ZR 0.07 0.93 -85156.06 35651.14 88.828826 -120807.20336000001 0.0 0.0 -81819.84959999999 -2868.0781928853494 -0.0
1360.0 CU ZR 0.08 0.92 -85365.22 35630.01 88.967078 -120995.22608000001 0.0 0.0 -81683.71239999999 -3152.2460005350913 -0.0
1370.0 CU ZR 0.0 1.0 -83645.71 36086.47 87.395753 -119732.18161 0.0 0.0 -83645.71 0.0 -0.0
1370.0 CU ZR 1.0 0.0 -69914.16 33679.77 75.616008 -103593.93096 0.0 0.0 -69914.16 0.0 -0.0
1370.0 CU ZR 0.01 0.99 -84218.04 36065.94 87.798525 -120283.97925 0.0 0.0 -83508.39450000001 -637.9059176289283 -0.0
1370.0 CU ZR 0.02 0.98 -84629.86 36045.33 88.084084 -120675.19508 0.0 0.0 -83371.07900000001 -1116.7503040891345 -0.0
1370.0 CU ZR 0.03 0.97 -84979.47 36024.66 88.324178 -121004.12386 0.0 0.0 -83233.7635 -1534.829847543019 -0.0
1370.0 CU ZR 0.04 0.96 -85287.74 36003.91 88.534053 -121291.65261 0.0 0.0 -83096.448 -1913.0291143800207 -0.0
1370.0 CU ZR 0.05 0.95 -85564.6 35983.09 88.720943 -121547.69191000001 0.0 0.0 -82959.1325 -2261.2603373949833 -0.0
1370.0 CU ZR 0.06 0.94 -85815.88 35962.2 88.889107 -121778.07659 0.0 0.0 -82821.81700000001 -2585.3564081888485 -0.0
1370.0 CU ZR 0.07 0.93 -86045.41 35941.24 89.041353 -121986.65361 0.0 0.0 -82684.5015 -2889.1670031271537 -0.0
1370.0 CU ZR 0.08 0.92 -86255.95 35920.21 89.179677 -122176.15749 0.0 0.0 -82547.18600000002 -3175.4242799507906 -0.0
1380.0 CU ZR 0.0 1.0 -84520.72 36376.49 87.606675 -120897.21149999999 0.0 0.0 -84520.72 0.0 -0.0
1380.0 CU ZR 1.0 0.0 -70671.41 33980.0 75.834356 -104651.41128 0.0 0.0 -70671.41 0.0 -0.0
1380.0 CU ZR 0.01 0.99 -85097.08 36356.06 88.009521 -121453.13898 0.0 0.0 -84382.2269 -642.562165202862 -0.0
1380.0 CU ZR 0.02 0.98 -85511.76 36335.55 88.295154 -121847.31251999999 0.0 0.0 -84243.73379999999 -1124.9017661627777 -0.0
1380.0 CU ZR 0.03 0.97 -85863.77 36314.98 88.535322 -122178.74436 0.0 0.0 -84105.24070000001 -1546.0329851163256 -0.0
1380.0 CU ZR 0.04 0.96 -86174.14 36294.33 88.745272 -122468.47536 0.0 0.0 -83966.7476 -1926.9928305433782 -0.0
1380.0 CU ZR 0.05 0.95 -86452.87 36273.62 88.932236 -122726.48568 0.0 0.0 -83828.2545 -2277.7658873029754 -0.0
1380.0 CU ZR 0.06 0.94 -86705.82 36252.83 89.100474 -122958.65412 0.0 0.0 -83689.76139999999 -2604.227622847161 -0.0
1380.0 CU ZR 0.07 0.93 -86936.89 36231.97 89.252795 -123168.85710000001 0.0 0.0 -83551.2683 -2910.255813368957 -0.0
1380.0 CU ZR 0.08 0.92 -87148.81 36211.04 89.391193 -123359.84634 0.0 0.0 -83412.7752 -3198.6025593664895 -0.0
1390.0 CU ZR 0.0 1.0 -85397.84 36667.11 87.816514 -122064.95446 0.0 0.0 -85397.84 0.0 -0.0
1390.0 CU ZR 1.0 0.0 -71430.84 34281.18 76.051814 -105712.02145999999 0.0 0.0 -71430.84 0.0 -0.0
1390.0 CU ZR 0.01 0.99 -85978.23 36646.79 88.219436 -122625.01604 0.0 0.0 -85258.16999999998 -647.2184127767958 -0.0
1390.0 CU ZR 0.02 0.98 -86395.76 36626.39 88.505145 -123022.15155 0.0 0.0 -85118.5 -1133.053228236421 -0.0
1390.0 CU ZR 0.03 0.97 -86750.17 36605.92 88.74539 -123356.0921 0.0 0.0 -84978.82999999999 -1557.2361226896323 -0.0
1390.0 CU ZR 0.04 0.96 -87062.64 36585.38 88.955415 -123648.02685000001 0.0 0.0 -84839.16 -1940.9565467067362 -0.0
1390.0 CU ZR 0.05 0.95 -87343.24 36564.77 89.142456 -123908.01384 0.0 0.0 -84699.48999999999 -2294.271437210968 -0.0
1390.0 CU ZR 0.06 0.94 -87597.88 36544.09 89.31077 -124141.9703 0.0 0.0 -84559.81999999999 -2623.0988375054735 -0.0
1390.0 CU ZR 0.07 0.93 -87830.47 36523.34 89.463167 -124353.80213 0.0 0.0 -84420.15 -2931.3446236107616 -0.0
1390.0 CU ZR 0.08 0.92 -88043.77 36502.51 89.601641 -124546.28099 0.0 0.0 -84280.48 -3221.7808387821888 -0.0
1400.0 CU ZR 0.0 1.0 -86277.05 36958.36 88.025292 -123235.40879999999 0.0 0.0 -86277.05 0.0 -0.0
1400.0 CU ZR 1.0 0.0 -72192.44 34583.23 76.26834 -106775.67599999999 0.0 0.0 -72192.44 0.0 -0.0
1400.0 CU ZR 0.01 0.99 -86861.47 36938.14 88.428291 -123799.60740000001 0.0 0.0 -86136.20390000001 -651.8746603507296 -0.0
1400.0 CU ZR 0.02 0.98 -87281.86 36917.85 88.714078 -124199.7092 0.0 0.0 -85995.35780000001 -1141.2046903100645 -0.0
1400.0 CU ZR 0.03 0.97 -87638.67 36897.49 88.9544 -124536.16 0.0 0.0 -85854.5117 -1568.4392602629391 -0.0
1400.0 CU ZR 0.04 0.96 -87953.25 36877.06 89.164503 -124830.3042 0.0 0.0 -85713.6656 -1954.9202628700941 -0.0
1400.0 CU ZR 0.05 0.95 -88235.71 36856.56 89.351621 -125092.26939999999 0.0 0.0 -85572.8195 -2310.7769871189607 -0.0
1400.0 CU ZR 0.06 0.94 -88492.04 36835.98 89.520013 -125328.0182 0.0 0.0 -85431.9734 -2641.9700521637865 -0.0
1400.0 CU ZR 0.07 0.93 -88726.15 36815.34 89.672487 -125541.48180000001 0.0 0.0 -85291.1273 -2952.4334338525655 -0.0
1400.0 CU ZR 0.08 0.92 -88940.84 36794.62 89.811039 -125735.4546 0.0 0.0 -85150.28120000001 -3244.959118197888 -0.0
1410.0 CU ZR 0.0 1.0 -87158.34 37250.23 88.233028 -124408.56948 0.0 0.0 -87158.34 0.0 -0.0
1410.0 CU ZR 1.0 0.0 -72956.21 34886.1 76.483902 -107842.30182000001 0.0 0.0 -72956.21 0.0 -0.0
1410.0 CU ZR 0.01 0.99 -87746.79 37230.12 88.636106 -124976.90946 0.0 0.0 -87016.31869999999 -656.5309079246634 -0.0
1410.0 CU ZR 0.02 0.98 -88170.04 37209.94 88.921971 -125379.97911 0.0 0.0 -86874.2974 -1149.356152383708 -0.0
1410.0 CU ZR 0.03 0.97 -88529.25 37189.69 89.162372 -125718.94452 0.0 0.0 -86732.2761 -1579.642397836246 -0.0
1410.0 CU ZR 0.04 0.96 -88845.93 37169.37 89.372553 -126015.29973 0.0 0.0 -86590.2548 -1968.8839790334519 -0.0
1410.0 CU ZR 0.05 0.95 -89130.27 37148.98 89.559749 -126279.24609 0.0 0.0 -86448.2335 -2327.2825370269534 -0.0
1410.0 CU ZR 0.06 0.94 -89388.28 37128.51 89.728219 -126516.78878999999 0.0 0.0 -86306.2122 -2660.8412668220994 -0.0
1410.0 CU ZR 0.07 0.93 -89623.91 37107.97 89.880772 -126731.88852 0.0 0.0 -86164.19089999999 -2973.52224409437 -0.0
1410.0 CU ZR 0.08 0.92 -89839.99 37087.37 90.019402 -126927.35682 0.0 0.0 -86022.1696 -3268.1373976135874 -0.0
1420.0 CU ZR 0.0 1.0 -88041.71 37542.73 88.439744 -125584.43648 0.0 0.0 -88041.71 0.0 -0.0
1420.0 CU ZR 1.0 0.0 -73722.12 35189.71 76.698469 -108911.82598000001 0.0 0.0 -73722.12 0.0 -0.0
1420.0 CU ZR 0.01 0.99 -88634.19 37522.73 88.842901 -126156.91941999999 0.0 0.0 -87898.5141 -661.1871554985971 -0.0
1420.0 CU ZR 0.02 0.98 -89060.29 37502.66 89.128844 -126562.95848 0.0 0.0 -87755.31820000001 -1157.507614457351 -0.0
1420.0 CU ZR 0.03 0.97 -89421.91 37482.53 89.369323 -126904.43865999999 0.0 0.0 -87612.1223 -1590.8455354095524 -0.0
1420.0 CU ZR 0.04 0.96 -89740.69 37462.31 89.579583 -127203.00786 0.0 0.0 -87468.9264 -1982.8476951968096 -0.0
1420.0 CU ZR 0.05 0.95 -90026.91 37442.03 89.766858 -127468.93836 0.0 0.0 -87325.7305 -2343.788086934946 -0.0
1420.0 CU ZR 0.06 0.94 -90286.6 37421.68 89.935406 -127708.27652 0.0 0.0 -87182.5346 -2679.712481480412 -0.0
1420.0 CU ZR 0.07 0.93 -90523.76 37401.25 90.088037 -127925.01254 0.0 0.0 -87039.3387 -2994.6110543361733 -0.0
1420.0 CU ZR 0.08 0.92 -90741.22 37380.76 90.226746 -128121.97932000001 0.0 0.0 -86896.14280000002 -3291.3156770292862 -0.0
1430.0 CU ZR 0.0 1.0 -88927.14 37835.87 88.64546 -126763.0078 0.0 0.0 -88927.14 0.0 -0.0
1430.0 CU ZR 1.0 0.0 -74490.17 35494.01 76.912017 -109984.18431000001 0.0 0.0 -74490.17 0.0 -0.0
1430.0 CU ZR 0.01 0.99 -89523.65 37815.99 89.048694 -127339.63242 0.0 0.0 -88782.7703 -665.8434030725309 -0.0
1430.0 CU ZR 0.02 0.98 -89952.61 37796.03 89.334716 -127748.64388 0.0 0.0 -88638.40060000001 -1165.6590765309943 -0.0
1430.0 CU ZR 0.03 0.97 -90316.64 37776.0 89.575273 -128092.64039 0.0 0.0 -88494.0309 -1602.0486729828592 -0.0
1430.0 CU ZR 0.04 0.96 -90637.52 37755.9 89.785611 -128393.42373000001 0.0 0.0 -88349.66119999999 -1996.8114113601673 -0.0
1430.0 CU ZR 0.05 0.95 -90925.61 37735.73 89.972965 -128661.33995000001 0.0 0.0 -88205.29149999999 -2360.2936368429387 -0.0
1430.0 CU ZR 0.06 0.94 -91186.98 37715.49 90.141591 -128902.47513 0.0 0.0 -88060.9218 -2698.583696138725 -0.0
1430.0 CU ZR 0.07 0.93 -91425.67 37695.18 90.294301 -129120.85043 0.0 0.0 -87916.5521 -3015.6998645779777 -0.0
1430.0 CU ZR 0.08 0.92 -91644.52 37674.79 90.433088 -129319.31584 0.0 0.0 -87772.1824 -3314.4939564449855 -0.0
1440.0 CU ZR 0.0 1.0 -89814.61 38129.66 88.850193 -127944.27792000001 0.0 0.0 -89814.61 0.0 -0.0
1440.0 CU ZR 1.0 0.0 -75260.36 35798.96 77.124524 -111059.31455999998 0.0 0.0 -75260.36 0.0 -0.0
1440.0 CU ZR 0.01 0.99 -90415.16 38109.89 89.253506 -128525.04864000001 0.0 0.0 -89669.0675 -670.4996506464647 -0.0
1440.0 CU ZR 0.02 0.98 -90846.99 38090.05 89.539605 -128937.0312 0.0 0.0 -89523.52500000001 -1173.8105386046377 -0.0
1440.0 CU ZR 0.03 0.97 -91213.42 38070.13 89.78024 -129283.54560000001 0.0 0.0 -89377.9825 -1613.251810556166 -0.0
1440.0 CU ZR 0.04 0.96 -91536.4 38050.14 89.990656 -129586.54464000001 0.0 0.0 -89232.43999999999 -2010.7751275235253 -0.0
1440.0 CU ZR 0.05 0.95 -91826.36 38030.08 90.178087 -129856.44528000001 0.0 0.0 -89086.89749999999 -2376.7991867509313 -0.0
1440.0 CU ZR 0.06 0.94 -92089.43 38009.95 90.346791 -130099.37904 0.0 0.0 -88941.355 -2717.4549107970374 -0.0
1440.0 CU ZR 0.07 0.93 -92329.64 37989.75 90.499578 -130319.39232 0.0 0.0 -88795.8125 -3036.7886748197816 -0.0
1440.0 CU ZR 0.08 0.92 -92549.88 37969.48 90.638443 -130519.35792 0.0 0.0 -88650.27 -3337.672235860685 -0.0
1450.0 CU ZR 0.0 1.0 -90704.14 38424.11 89.053964 -129128.2478 0.0 0.0 -90704.14 0.0 -0.0
1450.0 CU ZR 1.0 0.0 -76032.66 36104.5 77.335971 -112137.15795000001 0.0 0.0 -76032.66 0.0 -0.0
1450.0 CU ZR 0.01 0.99 -91308.71 38404.45 89.457354 -129713.1633 0.0 0.0 -90557.4252 -675.1558982203985 -0.0
1450.0 CU ZR 0.02 0.98 -91743.4 38384.72 89.74353 -130128.11850000001 0.0 0.0 -90410.7104 -1181.9620006782811 -0.0
1450.0 CU ZR 0.03 0.97 -92112.24 38364.91 89.984242 -130477.1509 0.0 0.0 -90263.9956 -1624.4549481294728 -0.0
1450.0 CU ZR 0.04 0.96 -92437.33 38345.03 90.194734 -130782.3643 0.0 0.0 -90117.2808 -2024.7388436868832 -0.0
1450.0 CU ZR 0.05 0.95 -92729.16 38325.09 90.382242 -131054.25090000001 0.0 0.0 -89970.56599999999 -2393.304736658924 -0.0
1450.0 CU ZR 0.06 0.94 -92993.92 38305.07 90.551023 -131298.98335 0.0 0.0 -89823.85119999999 -2736.3261254553504 -0.0
1450.0 CU ZR 0.07 0.93 -93235.66 38284.98 90.703887 -131520.63615 0.0 0.0 -89677.1364 -3057.877485061586 -0.0
1450.0 CU ZR 0.08 0.92 -93457.29 38264.81 90.842828 -131722.1006 0.0 0.0 -89530.4216 -3360.850515276384 -0.0
1460.0 CU ZR 0.0 1.0 -91595.69 38719.23 89.256792 -130314.91632 0.0 0.0 -91595.69 0.0 -0.0
1460.0 CU ZR 1.0 0.0 -76807.07 36410.59 77.546344 -113217.66224 0.0 0.0 -76807.07 0.0 -0.0
1460.0 CU ZR 0.01 0.99 -92204.3 38699.67 89.660256 -130903.97376000001 0.0 0.0 -91447.8038 -679.8121457943322 -0.0
1460.0 CU ZR 0.02 0.98 -92641.85 38680.05 89.946508 -131321.90167999998 0.0 0.0 -91299.9176 -1190.1134627519243 -0.0
1460.0 CU ZR 0.03 0.97 -93013.1 38660.35 90.187295 -131673.45070000002 0.0 0.0 -91152.0314 -1635.658085702779 -0.0
1460.0 CU ZR 0.04 0.96 -93340.29 38640.59 90.397863 -131980.87998 0.0 0.0 -91004.1452 -2038.7025598502407 -0.0
1460.0 CU ZR 0.05 0.95 -93634.0 38620.75 90.585446 -132254.75116 0.0 0.0 -90856.25899999999 -2409.810286566916 -0.0
1460.0 CU ZR 0.06 0.94 -93900.44 38600.84 90.754303 -132501.28238 0.0 0.0 -90708.3728 -2755.197340113663 -0.0
1460.0 CU ZR 0.07 0.93 -94143.72 38580.86 90.907242 -132724.57332 0.0 0.0 -90560.4866 -3078.9662953033894 -0.0
1460.0 CU ZR 0.08 0.92 -94366.73 38560.81 91.046259 -132927.53814000002 0.0 0.0 -90412.60040000001 -3384.028794692083 -0.0
1470.0 CU ZR 0.0 1.0 -92489.27 39015.01 89.458694 -131504.28018 0.0 0.0 -92489.27 0.0 -0.0
1470.0 CU ZR 1.0 0.0 -77583.58 36717.19 77.755628 -114300.77316 0.0 0.0 -77583.58 0.0 -0.0
1470.0 CU ZR 0.01 0.99 -93101.91 38995.57 89.862232 -132097.48104 0.0 0.0 -92340.21310000001 -684.4683933682661 -0.0
1470.0 CU ZR 0.02 0.98 -93542.33 38976.05 90.148558 -132518.38026 0.0 0.0 -92191.1562 -1198.2649248255677 -0.0
1470.0 CU ZR 0.03 0.97 -93915.98 38956.46 90.389419 -132872.44593000002 0.0 0.0 -92042.0993 -1646.8612232760859 -0.0
1470.0 CU ZR 0.04 0.96 -94245.28 38936.81 90.600061 -133182.08967 0.0 0.0 -91893.0424 -2052.6662760135987 -0.0
1470.0 CU ZR 0.05 0.95 -94540.87 38917.08 90.787718 -133457.94546 0.0 0.0 -91743.98550000001 -2426.315836474909 -0.0
1470.0 CU ZR 0.06 0.94 -94809.0 38897.27 90.956648 -133706.27256 0.0 0.0 -91594.9286 -2774.068554771976 -0.0
1470.0 CU ZR 0.07 0.93 -95053.8 38877.4 91.109661 -133931.20167 0.0 0.0 -91445.8717 -3100.055105545194 -0.0
1470.0 CU ZR 0.08 0.92 -95278.21 38857.46 91.248752 -134135.66543999998 0.0 0.0 -91296.81480000001 -3407.2070741077823 -0.0
1480.0 CU ZR 0.0 1.0 -93384.86 39311.48 89.659688 -132696.33824 0.0 0.0 -93384.86 0.0 -0.0
1480.0 CU ZR 1.0 0.0 -78362.18 37024.27 77.963815 -115386.44619999999 0.0 0.0 -78362.18 0.0 -0.0
1480.0 CU ZR 0.01 0.99 -94001.54 39292.14 90.063299 -133293.68252 0.0 0.0 -93234.6332 -689.1246409421999 -0.0
1480.0 CU ZR 0.02 0.98 -94444.82 39272.73 90.349696 -133717.55008 0.0 0.0 -93084.4064 -1206.416386899211 -0.0
1480.0 CU ZR 0.03 0.97 -94820.88 39253.25 90.590629 -134074.13092 0.0 0.0 -92934.17959999999 -1658.0643608493926 -0.0
1480.0 CU ZR 0.04 0.96 -95152.29 39233.7 90.801343 -134385.98764 0.0 0.0 -92783.9528 -2066.6299921769564 -0.0
1480.0 CU ZR 0.05 0.95 -95449.75 39214.07 90.989072 -134663.82656 0.0 0.0 -92633.726 -2442.8213863829014 -0.0
1480.0 CU ZR 0.06 0.94 -95719.57 39194.38 91.158074 -134913.94952 0.0 0.0 -92483.4992 -2792.939769430289 -0.0
1480.0 CU ZR 0.07 0.93 -95965.91 39174.61 91.311159 -135140.51532 0.0 0.0 -92333.27239999999 -3121.1439157869977 -0.0
1480.0 CU ZR 0.08 0.92 -96191.7 39154.77 91.450322 -135346.47656 0.0 0.0 -92183.04560000001 -3430.3853535234816 -0.0
1490.0 CU ZR 0.0 1.0 -94282.46 39608.63 89.859793 -133891.09157 0.0 0.0 -94282.46 0.0 -0.0
1490.0 CU ZR 1.0 0.0 -79142.86 37331.78 78.170896 -116474.63504 0.0 0.0 -79142.86 0.0 -0.0
1490.0 CU ZR 0.01 0.99 -94903.18 39589.4 90.263474 -134492.57626 0.0 0.0 -94131.064 -693.7808885161337 -0.0
1490.0 CU ZR 0.02 0.98 -95349.32 39570.09 90.549941 -134919.41209 0.0 0.0 -93979.668 -1214.5678489728543 -0.0
1490.0 CU ZR 0.03 0.97 -95727.79 39550.71 90.790944 -135278.50655999998 0.0 0.0 -93828.272 -1669.2674984226994 -0.0
1490.0 CU ZR 0.04 0.96 -96061.31 39531.27 91.001727 -135592.57323 0.0 0.0 -93676.876 -2080.5937083403146 -0.0
1490.0 CU ZR 0.05 0.95 -96360.65 39511.75 91.189526 -135872.39374 0.0 0.0 -93525.48 -2459.326936290894 -0.0
1490.0 CU ZR 0.06 0.94 -96632.16 39492.15 91.358598 -136124.31102 0.0 0.0 -93374.084 -2811.8109840886013 -0.0
1490.0 CU ZR 0.07 0.93 -96880.02 39472.49 91.511753 -136352.51197 0.0 0.0 -93222.688 -3142.232726028802 -0.0
1490.0 CU ZR 0.08 0.92 -97107.21 39452.76 91.650985 -136559.96765 0.0 0.0 -93071.292 -3453.563632939181 -0.0
1500.0 CU ZR 0.0 1.0 -95182.05 39906.48 90.059026 -135088.53900000002 0.0 0.0 -95182.05 0.0 -0.0
1500.0 CU ZR 1.0 0.0 -79925.59 37639.7 78.376865 -117565.29749999999 0.0 0.0 -79925.59 0.0 -0.0
1500.0 CU ZR 0.01 0.99 -95806.81 39887.35 90.462774 -135694.161 0.0 0.0 -95029.4854 -698.4371360900675 -0.0
1500.0 CU ZR 0.02 0.98 -96255.82 39868.15 90.749308 -136123.962 0.0 0.0 -94876.92079999999 -1222.7193110464978 -0.0
1500.0 CU ZR 0.03 0.97 -96636.7 39848.87 90.990378 -136485.567 0.0 0.0 -94724.3562 -1680.4706359960062 -0.0
1500.0 CU ZR 0.04 0.96 -96972.32 39829.52 91.201229 -136801.8435 0.0 0.0 -94571.7916 -2094.5574245036723 -0.0
1500.0 CU ZR 0.05 0.95 -97273.54 39810.1 91.389095 -137083.6425 0.0 0.0 -94419.227 -2475.8324861988867 -0.0
1500.0 CU ZR 0.06 0.94 -97546.74 39790.61 91.558235 -137337.3525 0.0 0.0 -94266.66239999999 -2830.6821987469143 -0.0
1500.0 CU ZR 0.07 0.93 -97796.14 39771.05 91.711457 -137567.1855 0.0 0.0 -94114.09779999999 -3163.321536270606 -0.0
1500.0 CU ZR 0.08 0.92 -98024.72 39751.41 91.850757 -137776.1355 0.0 0.0 -93961.5332 -3476.7419123548802 -0.0
1510.0 CU ZR 0.0 1.0 -96083.64 40205.04 90.257404 -136288.68003999998 0.0 0.0 -96083.64 0.0 -0.0
1510.0 CU ZR 1.0 0.0 -80710.39 37948.0 78.581717 -118658.39267 0.0 0.0 -80710.39 0.0 -0.0
1510.0 CU ZR 0.01 0.99 -96712.43 40186.01 90.661216 -136898.43615999998 0.0 0.0 -95929.9075 -703.0933836640012 -0.0
1510.0 CU ZR 0.02 0.98 -97164.3 40166.9 90.947815 -137331.20065 0.0 0.0 -95776.175 -1230.870773120141 -0.0
1510.0 CU ZR 0.03 0.97 -97547.6 40147.72 91.18895 -137695.3145 0.0 0.0 -95622.4425 -1691.6737735693127 -0.0
1510.0 CU ZR 0.04 0.96 -97885.33 40128.47 91.399866 -138013.79766 0.0 0.0 -95468.70999999999 -2108.52114066703 -0.0
1510.0 CU ZR 0.05 0.95 -98188.43 40109.15 91.587797 -138297.57347 0.0 0.0 -95314.9775 -2492.338036106879 -0.0
1510.0 CU ZR 0.06 0.94 -98463.32 40089.75 91.757001 -138553.07151 0.0 0.0 -95161.245 -2849.553413405227 -0.0
1510.0 CU ZR 0.07 0.93 -98714.25 40070.29 91.910288 -138784.53488 0.0 0.0 -95007.5125 -3184.41034651241 -0.0
1510.0 CU ZR 0.08 0.92 -98944.22 40050.75 92.049652 -138994.97452 0.0 0.0 -94853.78 -3499.920191770579 -0.0
1520.0 CU ZR 0.0 1.0 -96987.2 40504.31 90.454943 -137491.51336 0.0 0.0 -96987.2 0.0 -0.0
1520.0 CU ZR 1.0 0.0 -81497.23 38256.66 78.785449 -119753.88248 0.0 0.0 -81497.23 0.0 -0.0
1520.0 CU ZR 0.01 0.99 -97620.03 40485.37 90.858817 -138105.40184 0.0 0.0 -96832.30029999999 -707.749631237935 -0.0
1520.0 CU ZR 0.02 0.98 -98074.77 40466.36 91.145478 -138541.12656 0.0 0.0 -96677.4006 -1239.0222351937844 -0.0
1520.0 CU ZR 0.03 0.97 -98460.48 40447.27 91.386675 -138907.74599999998 0.0 0.0 -96522.50089999998 -1702.8769111426195 -0.0
1520.0 CU ZR 0.04 0.96 -98800.32 40428.11 91.597653 -139228.43256 0.0 0.0 -96367.6012 -2122.484856830388 -0.0
1520.0 CU ZR 0.05 0.95 -99105.29 40408.89 91.785645 -139514.1804 0.0 0.0 -96212.7015 -2508.8435860148716 -0.0
1520.0 CU ZR 0.06 0.94 -99381.88 40389.59 91.954911 -139771.46472 0.0 0.0 -96057.80179999999 -2868.42462806354 -0.0
1520.0 CU ZR 0.07 0.93 -99634.34 40370.22 92.10826 -140004.5552 0.0 0.0 -95902.90209999999 -3205.499156754214 -0.0
1520.0 CU ZR 0.08 0.92 -99865.71 40350.77 92.247687 -140216.48424 0.0 0.0 -95748.0024 -3523.0984711862784 -0.0
1530.0 CU ZR 0.0 1.0 -97892.73 40804.31 90.65166 -138697.0398 0.0 0.0 -97892.73 0.0 -0.0
1530.0 CU ZR 1.0 0.0 -82286.09 38565.64 78.98806 -120851.73180000001 0.0 0.0 -82286.09 0.0 -0.0
1530.0 CU ZR 0.01 0.99 -98529.6 40785.45 91.055593 -139315.05729 0.0 0.0 -97736.6636 -712.4058788118688 -0.0
1530.0 CU ZR 0.02 0.98 -98987.21 40766.53 91.342313 -139753.73889 0.0 0.0 -97580.59719999999 -1247.1736972674275 -0.0
1530.0 CU ZR 0.03 0.97 -99375.33 40747.53 91.583569 -140122.86057 0.0 0.0 -97424.5308 -1714.0800487159263 -0.0
1530.0 CU ZR 0.04 0.96 -99717.28 40728.47 91.794606 -140445.74718 0.0 0.0 -97268.4644 -2136.4485729937455 -0.0
1530.0 CU ZR 0.05 0.95 -100024.1 40709.33 91.982657 -140733.46521 0.0 0.0 -97112.39799999999 -2525.3491359228647 -0.0
1530.0 CU ZR 0.06 0.94 -100302.4 40690.12 92.151982 -140992.53246000002 0.0 0.0 -96956.33159999999 -2887.2958427218523 -0.0
1530.0 CU ZR 0.07 0.93 -100556.4 40670.84 92.30539 -141227.24670000002 0.0 0.0 -96800.2652 -3226.587966996018 -0.0
1530.0 CU ZR 0.08 0.92 -100789.2 40651.48 92.444875 -141440.65875 0.0 0.0 -96644.1988 -3546.2767506019777 -0.0
1540.0 CU ZR 0.0 1.0 -98800.23 41105.03 90.847572 -139905.26088 0.0 0.0 -98800.23 0.0 -0.0
1540.0 CU ZR 1.0 0.0 -83076.98 38874.92 79.18955 -121951.90699999999 0.0 0.0 -83076.98 0.0 -0.0
1540.0 CU ZR 0.01 0.99 -99441.14 41086.26 91.251561 -140527.40394 0.0 0.0 -98642.99749999998 -717.0621263858026 -0.0
1540.0 CU ZR 0.02 0.98 -99901.61 41067.42 91.538336 -140969.03744000001 0.0 0.0 -98485.765 -1255.325159341071 -0.0
1540.0 CU ZR 0.03 0.97 -100292.1 41048.51 91.779648 -141340.65792 0.0 0.0 -98328.53249999999 -1725.283186289233 -0.0
1540.0 CU ZR 0.04 0.96 -100636.2 41029.53 91.99074 -141665.7396 0.0 0.0 -98171.29999999999 -2150.4122891571037 -0.0
1540.0 CU ZR 0.05 0.95 -100944.9 41010.48 92.178848 -141955.42592 0.0 0.0 -98014.06749999999 -2541.8546858308573 -0.0
1540.0 CU ZR 0.06 0.94 -101224.9 40991.36 92.348228 -142216.27112000002 0.0 0.0 -97856.83499999999 -2906.1670573801653 -0.0
1540.0 CU ZR 0.07 0.93 -101480.4 40972.16 92.501692 -142452.60568 0.0 0.0 -97699.6025 -3247.676777237822 -0.0
1540.0 CU ZR 0.08 0.92 -101714.6 40952.89 92.641233 -142667.49882 0.0 0.0 -97542.37 -3569.455030017677 -0.0
1550.0 CU ZR 0.0 1.0 -99709.68 41406.49 91.042693 -141116.17415 0.0 0.0 -99709.68 0.0 -0.0
1550.0 CU ZR 1.0 0.0 -83869.88 39184.49 79.38992 -123054.376 0.0 0.0 -83869.88 0.0 -0.0
1550.0 CU ZR 0.01 0.99 -100354.6 41387.81 91.446735 -141742.43925 0.0 0.0 -99551.28199999999 -721.7183739597363 -0.0
1550.0 CU ZR 0.02 0.98 -100818.0 41369.05 91.733563 -142187.02265 0.0 0.0 -99392.88399999999 -1263.4766214147141 -0.0
1550.0 CU ZR 0.03 0.97 -101210.9 41350.22 91.974927 -142561.13684999998 0.0 0.0 -99234.48599999999 -1736.4863238625396 -0.0
1550.0 CU ZR 0.04 0.96 -101557.1 41331.32 92.186072 -142888.4116 0.0 0.0 -99076.08799999999 -2164.376005320461 -0.0
1550.0 CU ZR 0.05 0.95 -101867.7 41312.35 92.374232 -143180.0596 0.0 0.0 -98917.68999999999 -2558.3602357388495 -0.0
1550.0 CU ZR 0.06 0.94 -102149.4 41293.3 92.543665 -143442.68075 0.0 0.0 -98759.29199999999 -2925.0382720384778 -0.0
1550.0 CU ZR 0.07 0.93 -102406.4 41274.19 92.697181 -143680.63055 0.0 0.0 -98600.89399999999 -3268.765587479626 -0.0
1550.0 CU ZR 0.08 0.92 -102642.0 41255.0 92.836775 -143897.00125 0.0 0.0 -98442.496 -3592.633309433376 -0.0
1560.0 CU ZR 0.0 1.0 -100621.1 41708.7 91.237041 -142329.78396 0.0 0.0 -100621.1 0.0 -0.0
1560.0 CU ZR 1.0 0.0 -84664.78 39494.33 79.589171 -124159.10676 0.0 0.0 -84664.78 0.0 -0.0
1560.0 CU ZR 0.01 0.99 -101270.1 41690.09 91.641131 -142960.16436 0.0 0.0 -100461.53680000002 -726.3746215336702 -0.0
1560.0 CU ZR 0.02 0.98 -101736.3 41671.41 91.928008 -143407.69248 0.0 0.0 -100301.9736 -1271.6280834883576 -0.0
1560.0 CU ZR 0.03 0.97 -102131.6 41652.66 92.169422 -143784.29832 0.0 0.0 -100142.41040000001 -1747.6894614358464 -0.0
1560.0 CU ZR 0.04 0.96 -102479.9 41633.83 92.380615 -144113.7594 0.0 0.0 -99982.8472 -2178.339721483819 -0.0
1560.0 CU ZR 0.05 0.95 -102792.4 41614.94 92.568824 -144407.36544000002 0.0 0.0 -99823.284 -2574.865785646842 -0.0
1560.0 CU ZR 0.06 0.94 -103075.8 41595.97 92.738307 -144671.75892000002 0.0 0.0 -99663.7208 -2943.9094866967907 -0.0
1560.0 CU ZR 0.07 0.93 -103334.4 41576.93 92.891872 -144911.32032 0.0 0.0 -99504.15759999999 -3289.85439772143 -0.0
1560.0 CU ZR 0.08 0.92 -103571.3 41557.82 93.031514 -145129.16184000002 0.0 0.0 -99344.59440000002 -3615.811588849075 -0.0
1570.0 CU ZR 0.0 1.0 -101534.4 42011.67 91.430629 -143546.08753 0.0 0.0 -101534.4 0.0 -0.0
1570.0 CU ZR 1.0 0.0 -85461.66 39804.41 79.787306 -125266.07042 0.0 0.0 -85461.66 0.0 -0.0
1570.0 CU ZR 0.01 0.99 -102187.5 41993.13 91.834765 -144180.58105 0.0 0.0 -101373.67259999999 -731.030869107604 -0.0
1570.0 CU ZR 0.02 0.98 -102656.5 41974.52 92.121688 -144631.05016 0.0 0.0 -101212.9452 -1279.779545562001 -0.0
1570.0 CU ZR 0.03 0.97 -103054.3 41955.84 92.363147 -145010.14079 0.0 0.0 -101052.21779999998 -1758.8925990091532 -0.0
1570.0 CU ZR 0.04 0.96 -103404.7 41937.08 92.574386 -145341.78602 0.0 0.0 -100891.4904 -2192.303437647177 -0.0
1570.0 CU ZR 0.05 0.95 -103719.1 41918.26 92.76264 -145637.34480000002 0.0 0.0 -100730.76299999999 -2591.371335554835 -0.0
1570.0 CU ZR 0.06 0.94 -104004.1 41899.36 92.932168 -145903.50376 0.0 0.0 -100570.0356 -2962.7807013551037 -0.0
1570.0 CU ZR 0.07 0.93 -104264.3 41880.4 93.085779 -146144.67303 0.0 0.0 -100409.30819999998 -3310.9432079632343 -0.0
1570.0 CU ZR 0.08 0.92 -104502.6 41861.36 93.225467 -146363.98319 0.0 0.0 -100248.5808 -3638.9898682647745 -0.0
1580.0 CU ZR 0.0 1.0 -102449.7 42315.4 91.623474 -144765.08892 0.0 0.0 -102449.7 0.0 -0.0
1580.0 CU ZR 1.0 0.0 -86260.52 40114.72 79.984329 -126375.23982 0.0 0.0 -86260.52 0.0 -0.0
1580.0 CU ZR 0.01 0.99 -103106.8 42296.93 92.027652 -145403.69016 0.0 0.0 -102287.8082 -735.6871166815378 -0.0
1580.0 CU ZR 0.02 0.98 -103578.7 42278.38 92.314617 -145857.09486 0.0 0.0 -102125.91639999999 -1287.9310076356442 -0.0
1580.0 CU ZR 0.03 0.97 -103978.9 42259.77 92.556117 -146238.66486 0.0 0.0 -101964.02459999999 -1770.09573658246 -0.0
1580.0 CU ZR 0.04 0.96 -104331.4 42241.08 92.767398 -146572.48884 0.0 0.0 -101802.1328 -2206.2671538105346 -0.0
1580.0 CU ZR 0.05 0.95 -104647.7 42222.32 92.955694 -146869.99652 0.0 0.0 -101640.241 -2607.8768854628274 -0.0
1580.0 CU ZR 0.06 0.94 -104934.4 42203.49 93.125264 -147137.91712 0.0 0.0 -101478.3492 -2981.651916013416 -0.0
1580.0 CU ZR 0.07 0.93 -105196.1 42184.59 93.278916 -147380.68727999998 0.0 0.0 -101316.45739999998 -3332.032018205038 -0.0
1580.0 CU ZR 0.08 0.92 -105435.8 42165.62 93.418646 -147601.46068 0.0 0.0 -101154.5656 -3662.168147680474 -0.0
1590.0 CU ZR 0.0 1.0 -103366.9 42619.9 91.815591 -145986.78969 0.0 0.0 -103366.9 0.0 -0.0
1590.0 CU ZR 1.0 0.0 -87061.34 40425.24 80.180244 -127486.58796 0.0 0.0 -87061.34 0.0 -0.0
1590.0 CU ZR 0.01 0.99 -104028.0 42601.49 92.219806 -146629.49154000002 0.0 0.0 -103203.8444 -740.3433642554714 -0.0
1590.0 CU ZR 0.02 0.98 -104502.8 42583.0 92.506809 -147085.82631 0.0 0.0 -103040.7888 -1296.0824697092874 -0.0
1590.0 CU ZR 0.03 0.97 -104905.4 42564.45 92.748347 -147469.87172999998 0.0 0.0 -102877.7332 -1781.2988741557665 -0.0
1590.0 CU ZR 0.04 0.96 -105260.0 42545.82 92.959666 -147805.86894 0.0 0.0 -102714.67759999998 -2220.2308699738924 -0.0
1590.0 CU ZR 0.05 0.95 -105578.2 42527.12 93.148 -148105.32 0.0 0.0 -102551.62199999999 -2624.3824353708196 -0.0
1590.0 CU ZR 0.06 0.94 -105866.6 42508.35 93.317608 -148374.99672000002 0.0 0.0 -102388.56639999998 -3000.5231306717287 -0.0
1590.0 CU ZR 0.07 0.93 -106129.9 42489.51 93.471298 -148619.36382 0.0 0.0 -102225.51079999999 -3353.120828446842 -0.0
1590.0 CU ZR 0.08 0.92 -106371.0 42470.6 93.611066 -148841.59493999998 0.0 0.0 -102062.4552 -3685.3464270961726 -0.0
1600.0 CU ZR 0.0 1.0 -104286.0 42925.19 92.006993 -147211.1888 0.0 0.0 -104286.0 0.0 -0.0
1600.0 CU ZR 1.0 0.0 -87864.12 40735.97 80.375055 -128600.088 0.0 0.0 -87864.12 0.0 -0.0
1600.0 CU ZR 0.01 0.99 -104951.2 42906.83 92.411243 -147857.9888 0.0 0.0 -104121.7812 -744.9996118294052 -0.0
1600.0 CU ZR 0.02 0.98 -105428.8 42888.4 92.698279 -148317.2464 0.0 0.0 -103957.5624 -1304.2339317829308 -0.0
1600.0 CU ZR 0.03 0.97 -105833.9 42869.9 92.939852 -148703.76320000002 0.0 0.0 -103793.3436 -1792.502011729073 -0.0
1600.0 CU ZR 0.04 0.96 -106190.6 42851.33 93.151205 -149041.928 0.0 0.0 -103629.12479999999 -2234.19458613725 -0.0
1600.0 CU ZR 0.05 0.95 -106510.6 42832.68 93.339573 -149343.3168 0.0 0.0 -103464.906 -2640.8879852788123 -0.0
1600.0 CU ZR 0.06 0.94 -106800.8 42813.97 93.509215 -149614.744 0.0 0.0 -103300.6872 -3019.3943453300417 -0.0
1600.0 CU ZR 0.07 0.93 -107065.5 42795.18 93.662939 -149860.70239999998 0.0 0.0 -103136.4684 -3374.2096386886465 -0.0
1600.0 CU ZR 0.08 0.92 -107308.1 42776.32 93.802741 -150084.3856 0.0 0.0 -102972.24960000001 -3708.524706511872 -0.0
1610.0 CU ZR 0.0 1.0 -105207.0 43231.26 92.197695 -148438.28895 0.0 0.0 -105207.0 0.0 -0.0
1610.0 CU ZR 1.0 0.0 -88668.84 41046.88 80.568769 -129715.71809000001 0.0 0.0 -88668.84 0.0 -0.0
1610.0 CU ZR 0.01 0.99 -105876.2 43212.95 92.601975 -149089.17974999998 0.0 0.0 -105041.61839999999 -749.655859403339 -0.0
1610.0 CU ZR 0.02 0.98 -106356.8 43194.57 92.889042 -149551.35762 0.0 0.0 -104876.2368 -1312.3853938565742 -0.0
1610.0 CU ZR 0.03 0.97 -106764.2 43176.12 93.130644 -149940.33684 0.0 0.0 -104710.85519999999 -1803.7051493023798 -0.0
1610.0 CU ZR 0.04 0.96 -107123.1 43157.6 93.342027 -150280.66347 0.0 0.0 -104545.4736 -2248.1583023006083 -0.0
1610.0 CU ZR 0.05 0.95 -107445.0 43139.0 93.530426 -150583.98586000002 0.0 0.0 -104380.09199999999 -2657.393535186805 -0.0
1610.0 CU ZR 0.06 0.94 -107736.8 43120.33 93.700098 -150857.15778 0.0 0.0 -104214.71039999998 -3038.2655599883547 -0.0
1610.0 CU ZR 0.07 0.93 -108003.1 43101.59 93.853852 -151104.70172 0.0 0.0 -104049.32879999999 -3395.2984489304504 -0.0
1610.0 CU ZR 0.08 0.92 -108247.0 43082.78 93.993684 -151329.83124 0.0 0.0 -103883.9472 -3731.7029859275713 -0.0
1620.0 CU ZR 0.0 1.0 -106130.0 43538.14 92.387712 -149668.09344 0.0 0.0 -106130.0 0.0 -0.0
1620.0 CU ZR 1.0 0.0 -89475.49 41357.96 80.761392 -130833.45504 0.0 0.0 -89475.49 0.0 -0.0
1620.0 CU ZR 0.01 0.99 -106803.2 43519.87 92.792018 -150323.06915999998 0.0 0.0 -105963.4549 -754.3121069772728 -0.0
1620.0 CU ZR 0.02 0.98 -107286.6 43501.53 93.07911 -150788.1582 0.0 0.0 -105796.9098 -1320.5368559302176 -0.0
1620.0 CU ZR 0.03 0.97 -107696.5 43483.12 93.320739 -151179.59718 0.0 0.0 -105630.36469999999 -1814.9082868756866 -0.0
1620.0 CU ZR 0.04 0.96 -108057.4 43464.64 93.532148 -151522.07976000002 0.0 0.0 -105463.8196 -2262.122018463966 -0.0
1620.0 CU ZR 0.05 0.95 -108381.2 43446.09 93.720573 -151827.32826 0.0 0.0 -105297.2745 -2673.8990850947976 -0.0
1620.0 CU ZR 0.06 0.94 -108674.8 43427.46 93.890271 -152102.23902 0.0 0.0 -105130.7294 -3057.1367746466676 -0.0
1620.0 CU ZR 0.07 0.93 -108942.6 43408.77 94.044051 -152351.36262 0.0 0.0 -104964.1843 -3416.3872591722547 -0.0
1620.0 CU ZR 0.08 0.92 -109187.9 43390.0 94.183909 -152577.93258 0.0 0.0 -104797.6392 -3754.881265343271 -0.0
1630.0 CU ZR 0.0 1.0 -107054.8 43845.83 92.577057 -150900.60291 0.0 0.0 -107054.8 0.0 -0.0
1630.0 CU ZR 1.0 0.0 -90284.07 41669.21 80.952929 -131953.27427 0.0 0.0 -90284.07 0.0 -0.0
1630.0 CU ZR 0.01 0.99 -107732.1 43827.59 92.981385 -151559.65755 0.0 0.0 -106887.09270000001 -758.9683545512065 -0.0
1630.0 CU ZR 0.02 0.98 -108218.4 43809.29 93.268499 -152027.65337 0.0 0.0 -106719.3854 -1328.6883180038608 -0.0
1630.0 CU ZR 0.03 0.97 -108630.6 43790.91 93.51015 -152421.5445 0.0 0.0 -106551.6781 -1826.1114244489931 -0.0
1630.0 CU ZR 0.04 0.96 -108993.7 43772.47 93.721581 -152766.17703 0.0 0.0 -106383.9708 -2276.0857346273237 -0.0
1630.0 CU ZR 0.05 0.95 -109319.4 43753.95 93.910027 -153073.34401 0.0 0.0 -106216.2635 -2690.40463500279 -0.0
1630.0 CU ZR 0.06 0.94 -109614.6 43735.36 94.079747 -153349.98760999998 0.0 0.0 -106048.5562 -3076.0079893049797 -0.0
1630.0 CU ZR 0.07 0.93 -109884.0 43716.7 94.23355 -153600.68649999998 0.0 0.0 -105880.8489 -3437.476069414058 -0.0
1630.0 CU ZR 0.08 0.92 -110130.7 43697.97 94.37343 -153828.6909 0.0 0.0 -105713.14160000002 -3778.0595447589694 -0.0
1640.0 CU ZR 0.0 1.0 -107981.5 44154.33 92.765744 -152135.82016 0.0 0.0 -107981.5 0.0 -0.0
1640.0 CU ZR 1.0 0.0 -91094.55 41980.61 81.143387 -133075.15468 0.0 0.0 -91094.55 0.0 -0.0
1640.0 CU ZR 0.01 0.99 -108662.8 44136.12 93.170089 -152798.94596 0.0 0.0 -107812.6305 -763.6246021251403 -0.0
1640.0 CU ZR 0.02 0.98 -109152.0 44117.85 93.457222 -153269.84408 0.0 0.0 -107643.761 -1336.839780077504 -0.0
1640.0 CU ZR 0.03 0.97 -109566.7 44099.5 93.69889 -153666.1796 0.0 0.0 -107474.8915 -1837.3145620223 -0.0
1640.0 CU ZR 0.04 0.96 -109931.9 44081.09 93.910339 -154012.95596 0.0 0.0 -107306.022 -2290.0494507906815 -0.0
1640.0 CU ZR 0.05 0.95 -110259.4 44062.6 94.098803 -154322.03692 0.0 0.0 -107137.15249999998 -2706.910184910783 -0.0
1640.0 CU ZR 0.06 0.94 -110556.4 44044.04 94.26854 -154600.4056 0.0 0.0 -106968.283 -3094.8792039632926 -0.0
1640.0 CU ZR 0.07 0.93 -110827.3 44025.41 94.422361 -154852.67204 0.0 0.0 -106799.4135 -3458.5648796558626 -0.0
1640.0 CU ZR 0.08 0.92 -111075.4 44006.7 94.562259 -155082.10476 0.0 0.0 -106630.54400000001 -3801.2378241746687 -0.0
1650.0 CU ZR 0.0 1.0 -108910.1 44463.66 92.953786 -153373.7469 0.0 0.0 -108910.1 0.0 -0.0
1650.0 CU ZR 1.0 0.0 -91906.93 42292.15 81.332774 -134199.0771 0.0 0.0 -91906.93 0.0 -0.0
1650.0 CU ZR 0.01 0.99 -109595.5 44445.48 93.358145 -154040.93925 0.0 0.0 -108740.06830000001 -768.2808496990742 -0.0
1650.0 CU ZR 0.02 0.98 -110087.5 44427.22 93.645291 -154514.73015 0.0 0.0 -108570.0366 -1344.9912421511474 -0.0
1650.0 CU ZR 0.03 0.97 -110504.6 44408.9 93.886973 -154913.50545 0.0 0.0 -108400.0049 -1848.5176995956067 -0.0
1650.0 CU ZR 0.04 0.96 -110871.9 44390.5 94.098435 -155262.41775 0.0 0.0 -108229.9732 -2304.013166954039 -0.0
1650.0 CU ZR 0.05 0.95 -111201.4 44372.04 94.286913 -155573.40645 0.0 0.0 -108059.9415 -2723.4157348187755 -0.0
1650.0 CU ZR 0.06 0.94 -111500.0 44353.5 94.456664 -155853.4956 0.0 0.0 -107889.90980000001 -3113.7504186216056 -0.0
1650.0 CU ZR 0.07 0.93 -111772.4 44334.89 94.610497 -156107.32004999998 0.0 0.0 -107719.8781 -3479.6536898976665 -0.0
1650.0 CU ZR 0.08 0.92 -112022.0 44316.21 94.750409 -156338.17485 0.0 0.0 -107549.84640000001 -3824.416103590368 -0.0
1660.0 CU ZR 0.0 1.0 -109840.6 44773.82 93.141198 -154614.38868 0.0 0.0 -109840.6 0.0 -0.0
1660.0 CU ZR 1.0 0.0 -92721.2 42603.82 81.521097 -135325.02102 0.0 0.0 -92721.2 0.0 -0.0
1660.0 CU ZR 0.01 0.99 -110530.0 44755.66 93.545566 -155285.63955999998 0.0 0.0 -109669.406 -772.937097273008 -0.0
1660.0 CU ZR 0.02 0.98 -111024.9 44737.42 93.832721 -155762.31686000002 0.0 0.0 -109498.212 -1353.1427042247908 -0.0
1660.0 CU ZR 0.03 0.97 -111444.4 44719.11 94.074412 -156163.52391999998 0.0 0.0 -109327.018 -1859.7208371689135 -0.0
1660.0 CU ZR 0.04 0.96 -111813.8 44700.73 94.285883 -156514.56578 0.0 0.0 -109155.824 -2317.9768831173974 -0.0
1660.0 CU ZR 0.05 0.95 -112145.2 44682.28 94.47437 -156827.45419999998 0.0 0.0 -108984.63 -2739.921284726768 -0.0
1660.0 CU ZR 0.06 0.94 -112445.5 44663.75 94.64413 -157109.2558 0.0 0.0 -108813.436 -3132.6216332799186 -0.0
1660.0 CU ZR 0.07 0.93 -112719.5 44645.16 94.797973 -157364.63518 0.0 0.0 -108642.242 -3500.742500139471 -0.0
1660.0 CU ZR 0.08 0.92 -112970.4 44626.49 94.937893 -157596.90238 0.0 0.0 -108471.04800000001 -3847.594383006068 -0.0
1670.0 CU ZR 0.0 1.0 -110772.9 45084.83 93.327991 -155857.74497 0.0 0.0 -110772.9 0.0 -0.0
1670.0 CU ZR 1.0 0.0 -93537.35 42915.62 81.708364 -136452.96788 0.0 0.0 -93537.35 0.0 -0.0
1670.0 CU ZR 0.01 0.99 -111466.4 45066.67 93.732364 -156533.04788 0.0 0.0 -110600.54449999999 -777.5933448469418 -0.0
1670.0 CU ZR 0.02 0.98 -111964.2 45048.45 94.019523 -157012.60341 0.0 0.0 -110428.189 -1361.2941662984342 -0.0
1670.0 CU ZR 0.03 0.97 -112386.1 45030.14 94.261219 -157416.23573 0.0 0.0 -110255.8335 -1870.9239747422203 -0.0
1670.0 CU ZR 0.04 0.96 -112757.6 45011.77 94.472695 -157769.40065 0.0 0.0 -110083.478 -2331.940599280755 -0.0
1670.0 CU ZR 0.05 0.95 -113090.9 44993.33 94.661187 -158084.18229 0.0 0.0 -109911.1225 -2756.426834634761 -0.0
1670.0 CU ZR 0.06 0.94 -113392.9 44974.81 94.830951 -158367.68817 0.0 0.0 -109738.76699999998 -3151.492847938231 -0.0
1670.0 CU ZR 0.07 0.93 -113668.4 44956.23 94.984799 -158624.61432999998 0.0 0.0 -109566.41149999999 -3521.8313103812748 -0.0
1670.0 CU ZR 0.08 0.92 -113920.7 44937.57 95.124724 -158858.28908 0.0 0.0 -109394.056 -3870.772662421767 -0.0
1680.0 CU ZR 0.0 1.0 -111707.1 45396.7 93.514179 -157103.82072 0.0 0.0 -111707.1 0.0 -0.0
1680.0 CU ZR 1.0 0.0 -94355.36 43227.53 81.894582 -137582.89776 0.0 0.0 -94355.36 0.0 -0.0
1680.0 CU ZR 0.01 0.99 -112404.6 45378.54 93.918552 -157783.16736000002 0.0 0.0 -111533.58260000001 -782.2495924208755 -0.0
1680.0 CU ZR 0.02 0.98 -112905.3 45360.31 94.205712 -158265.59616000002 0.0 0.0 -111360.0652 -1369.4456283720774 -0.0
1680.0 CU ZR 0.03 0.97 -113329.6 45342.01 94.447408 -158671.64544 0.0 0.0 -111186.5478 -1882.1271123155268 -0.0
1680.0 CU ZR 0.04 0.96 -113703.3 45323.64 94.658884 -159026.92512 0.0 0.0 -111013.0304 -2345.904315444113 -0.0
1680.0 CU ZR 0.05 0.95 -114038.4 45305.19 94.847376 -159343.59167999998 0.0 0.0 -110839.51299999999 -2772.932384542753 -0.0
1680.0 CU ZR 0.06 0.94 -114342.1 45286.68 95.017141 -159628.79687999998 0.0 0.0 -110665.9956 -3170.3640625965436 -0.0
1680.0 CU ZR 0.07 0.93 -114619.2 45268.09 95.170989 -159887.26152 0.0 0.0 -110492.4782 -3542.9201206230787 -0.0
1680.0 CU ZR 0.08 0.92 -114872.9 45249.44 95.310914 -160122.33552 0.0 0.0 -110318.9608 -3893.9509418374655 -0.0
1690.0 CU ZR 0.0 1.0 -112643.2 45709.43 93.699774 -158352.61806 0.0 0.0 -112643.2 0.0 -0.0
1690.0 CU ZR 1.0 0.0 -95175.24 43539.56 82.079759 -138714.79270999998 0.0 0.0 -95175.24 0.0 -0.0
1690.0 CU ZR 0.01 0.99 -113344.7 45691.26 94.104143 -159036.00167 0.0 0.0 -112468.5204 -786.9058399948093 -0.0
1690.0 CU ZR 0.02 0.98 -113848.3 45673.02 94.391299 -159521.29531000002 0.0 0.0 -112293.84079999999 -1377.5970904457206 -0.0
1690.0 CU ZR 0.03 0.97 -114275.0 45654.72 94.632991 -159929.75479 0.0 0.0 -112119.1612 -1893.3302498888336 -0.0
1690.0 CU ZR 0.04 0.96 -114650.8 45636.34 94.844463 -160287.14247000002 0.0 0.0 -111944.4816 -2359.8680316074706 -0.0
1690.0 CU ZR 0.05 0.95 -114987.8 45617.89 95.032951 -160605.68719 0.0 0.0 -111769.802 -2789.4379344507456 -0.0
1690.0 CU ZR 0.06 0.94 -115293.2 45599.37 95.202711 -160892.58159 0.0 0.0 -111595.1224 -3189.2352772548566 -0.0
1690.0 CU ZR 0.07 0.93 -115571.8 45580.77 95.356555 -161152.57795 0.0 0.0 -111420.44279999999 -3564.0089308648826 -0.0
1690.0 CU ZR 0.08 0.92 -115826.9 45562.11 95.496476 -161389.04444 0.0 0.0 -111245.7632 -3917.129221253165 -0.0
1700.0 CU ZR 0.0 1.0 -113581.1 46023.03 93.88479 -159604.14299999998 0.0 0.0 -113581.1 0.0 -0.0
1700.0 CU ZR 1.0 0.0 -95996.96 43851.68 82.263905 -139848.6385 0.0 0.0 -95996.96 0.0 -0.0
1700.0 CU ZR 0.01 0.99 -114286.7 46004.85 94.28915 -160291.55500000002 0.0 0.0 -113405.2586 -791.5620875687431 -0.0
1700.0 CU ZR 0.02 0.98 -114793.1 45986.6 94.576297 -160779.70489999998 0.0 0.0 -113229.4172 -1385.748552519364 -0.0
1700.0 CU ZR 0.03 0.97 -115222.3 45968.27 94.81798 -161190.56600000002 0.0 0.0 -113053.5758 -1904.5333874621404 -0.0
1700.0 CU ZR 0.04 0.96 -115600.2 45949.88 95.029444 -161550.05479999998 0.0 0.0 -112877.7344 -2373.8317477708283 -0.0
1700.0 CU ZR 0.05 0.95 -115939.1 45931.41 95.217923 -161870.4691 0.0 0.0 -112701.893 -2805.9434843587383 -0.0
1700.0 CU ZR 0.06 0.94 -116246.2 45912.88 95.387675 -162159.04750000002 0.0 0.0 -112526.05159999999 -3208.1064919131695 -0.0
1700.0 CU ZR 0.07 0.93 -116526.3 45894.27 95.54151 -162420.567 0.0 0.0 -112350.2102 -3585.097741106687 -0.0
1700.0 CU ZR 0.08 0.92 -116782.8 45875.59 95.681422 -162658.4174 0.0 0.0 -112174.36880000001 -3940.3075006688646 -0.0
1710.0 CU ZR 0.0 1.0 -114520.9 46337.51 94.069237 -160858.39527 0.0 0.0 -114520.9 0.0 -0.0
1710.0 CU ZR 1.0 0.0 -96820.51 44163.9 82.447026 -140984.41446 0.0 0.0 -96820.51 0.0 -0.0
1710.0 CU ZR 0.01 0.99 -115230.5 46319.31 94.473584 -161549.82864 0.0 0.0 -114343.8961 -796.2183351426769 -0.0
1710.0 CU ZR 0.02 0.98 -115739.8 46301.03 94.760718 -162040.82778 0.0 0.0 -114166.89219999999 -1393.9000145930074 -0.0
1710.0 CU ZR 0.03 0.97 -116171.4 46282.69 95.002388 -162454.08348 0.0 0.0 -113989.88829999999 -1915.7365250354471 -0.0
1710.0 CU ZR 0.04 0.96 -116551.4 46264.27 95.213838 -162815.66298 0.0 0.0 -113812.88439999998 -2387.7954639341865 -0.0
1710.0 CU ZR 0.05 0.95 -116892.2 46245.78 95.402304 -163137.93984 0.0 0.0 -113635.8805 -2822.449034266731 -0.0
1710.0 CU ZR 0.06 0.94 -117201.0 46227.22 95.572043 -163428.19353 0.0 0.0 -113458.87659999999 -3226.9777065714825 -0.0
1710.0 CU ZR 0.07 0.93 -117482.6 46208.59 95.725864 -163691.22744 0.0 0.0 -113281.87269999999 -3606.186551348491 -0.0
1710.0 CU ZR 0.08 0.92 -117740.6 46189.89 95.865764 -163930.45644 0.0 0.0 -113104.8688 -3963.485780084564 -0.0
1720.0 CU ZR 0.0 1.0 -115462.5 46652.88 94.253129 -162115.38188 0.0 0.0 -115462.5 0.0 -0.0
1720.0 CU ZR 1.0 0.0 -97645.89 44476.21 82.629132 -142122.10704 0.0 0.0 -97645.89 0.0 -0.0
1720.0 CU ZR 0.01 0.99 -116176.2 46634.65 94.657458 -162810.82776000001 0.0 0.0 -115284.3339 -800.8745827166106 -0.0
1720.0 CU ZR 0.02 0.98 -116688.3 46616.35 94.944574 -163304.66728 0.0 0.0 -115106.1678 -1402.0514766666506 -0.0
1720.0 CU ZR 0.03 0.97 -117122.3 46597.97 95.186226 -163720.30872 0.0 0.0 -114928.0017 -1926.9396626087537 -0.0
1720.0 CU ZR 0.04 0.96 -117504.4 46579.52 95.397659 -164083.97348000002 0.0 0.0 -114749.8356 -2401.759180097544 -0.0
1720.0 CU ZR 0.05 0.95 -117847.1 46561.0 95.586106 -164408.10232 0.0 0.0 -114571.6695 -2838.954584174723 -0.0
1720.0 CU ZR 0.06 0.94 -118157.6 46542.41 95.755827 -164700.02244 0.0 0.0 -114393.5034 -3245.8489212297945 -0.0
1720.0 CU ZR 0.07 0.93 -118440.8 46523.75 95.909631 -164964.56532 0.0 0.0 -114215.3373 -3627.275361590295 -0.0
1720.0 CU ZR 0.08 0.92 -118700.1 46505.02 96.049513 -165205.16236000002 0.0 0.0 -114037.1712 -3986.6640595002623 -0.0
1730.0 CU ZR 0.0 1.0 -116405.9 46969.16 94.436477 -163375.10520999998 0.0 0.0 -116405.9 0.0 -0.0
1730.0 CU ZR 1.0 0.0 -98473.09 44788.61 82.810231 -143261.69963000002 0.0 0.0 -98473.09 0.0 -0.0
1730.0 CU ZR 0.01 0.99 -117123.7 46950.89 94.840784 -164074.55632 0.0 0.0 -116226.5719 -805.5308302905444 -0.0
1730.0 CU ZR 0.02 0.98 -117638.7 46932.54 95.127878 -164571.22894 0.0 0.0 -116047.2438 -1410.202938740294 -0.0
1730.0 CU ZR 0.03 0.97 -118075.1 46914.13 95.369507 -164989.24711 0.0 0.0 -115867.9157 -1938.1428001820605 -0.0
1730.0 CU ZR 0.04 0.96 -118459.3 46895.64 95.580917 -165354.98641 0.0 0.0 -115688.58759999998 -2415.722896260902 -0.0
1730.0 CU ZR 0.05 0.95 -118803.9 46877.09 95.769342 -165680.96166 0.0 0.0 -115509.2595 -2855.4601340827157 -0.0
1730.0 CU ZR 0.06 0.94 -119116.1 46858.46 95.939041 -165974.54093000002 0.0 0.0 -115329.93139999999 -3264.7201358881075 -0.0
1730.0 CU ZR 0.07 0.93 -119400.8 46839.76 96.092822 -166240.58206 0.0 0.0 -115150.60329999999 -3648.3641718320987 -0.0
1730.0 CU ZR 0.08 0.92 -119661.6 46820.99 96.232681 -166482.53813 0.0 0.0 -114971.2752 -4009.8423389159616 -0.0
1740.0 CU ZR 0.0 1.0 -117351.2 47286.34 94.619294 -164637.57155999998 0.0 0.0 -117351.2 0.0 -0.0
1740.0 CU ZR 1.0 0.0 -99302.09 45101.08 82.990332 -144403.17768 0.0 0.0 -99302.09 0.0 -0.0
1740.0 CU ZR 0.01 0.99 -118073.0 47268.02 95.023573 -165341.01702 0.0 0.0 -117170.7089 -810.1870778644783 -0.0
1740.0 CU ZR 0.02 0.98 -118590.9 47249.63 95.31064 -165840.5136 0.0 0.0 -116990.2178 -1418.3544008139372 -0.0
1740.0 CU ZR 0.03 0.97 -119029.7 47231.17 95.552242 -166260.90108 0.0 0.0 -116809.72669999998 -1949.3459377553672 -0.0
1740.0 CU ZR 0.04 0.96 -119416.1 47212.64 95.763625 -166628.70750000002 0.0 0.0 -116629.23559999999 -2429.6866124242597 -0.0
1740.0 CU ZR 0.05 0.95 -119762.5 47194.04 95.952023 -166956.52002 0.0 0.0 -116448.74449999999 -2871.9656839907084 -0.0
1740.0 CU ZR 0.06 0.94 -120076.4 47175.36 96.121694 -167251.74756000002 0.0 0.0 -116268.2534 -3283.5913505464205 -0.0
1740.0 CU ZR 0.07 0.93 -120362.7 47156.61 96.275448 -167519.27951999998 0.0 0.0 -116087.7623 -3669.452982073903 -0.0
1740.0 CU ZR 0.08 0.92 -120624.8 47137.79 96.41528 -167762.58719999998 0.0 0.0 -115907.2712 -4033.0206183316614 -0.0
1750.0 CU ZR 0.0 1.0 -118298.3 47604.45 94.80159 -165902.7825 0.0 0.0 -118298.3 0.0 -0.0
1750.0 CU ZR 1.0 0.0 -100132.9 45413.63 83.169442 -145546.5235 0.0 0.0 -100132.9 0.0 -0.0
1750.0 CU ZR 0.01 0.99 -119024.1 47586.08 95.205837 -166610.21475 0.0 0.0 -118116.646 -814.8433254384121 -0.0
1750.0 CU ZR 0.02 0.98 -119544.9 47567.63 95.492872 -167112.526 0.0 0.0 -117934.992 -1426.5058628875806 -0.0
1750.0 CU ZR 0.03 0.97 -119986.2 47549.11 95.734442 -167535.2735 0.0 0.0 -117753.33799999999 -1960.549075328674 -0.0
1750.0 CU ZR 0.04 0.96 -120374.6 47530.52 95.945793 -167905.13775 0.0 0.0 -117571.68400000001 -2443.6503285876174 -0.0
1750.0 CU ZR 0.05 0.95 -120722.9 47511.86 96.134159 -168234.77825 0.0 0.0 -117390.03 -2888.471233898701 -0.0
1750.0 CU ZR 0.06 0.94 -121038.5 47493.13 96.303799 -168531.64825 0.0 0.0 -117208.376 -3302.4625652047334 -0.0
1750.0 CU ZR 0.07 0.93 -121326.3 47474.33 96.457521 -168800.66175 0.0 0.0 -117026.722 -3690.541792315707 -0.0
1750.0 CU ZR 0.08 0.92 -121589.9 47455.46 96.597321 -169045.31175 0.0 0.0 -116845.068 -4056.1988977473607 -0.0
1760.0 CU ZR 0.0 1.0 -119247.3 47923.49 94.983377 -167170.74352000002 0.0 0.0 -119247.3 0.0 -0.0
1760.0 CU ZR 1.0 0.0 -100965.5 45726.25 83.347573 -146691.72848 0.0 0.0 -100965.5 0.0 -0.0
1760.0 CU ZR 0.01 0.99 -119977.1 47905.05 95.387588 -167882.15488 0.0 0.0 -119064.482 -819.4995730123458 -0.0
1760.0 CU ZR 0.02 0.98 -120500.7 47886.54 95.674586 -168387.27136 0.0 0.0 -118881.664 -1434.6573249612238 -0.0
1760.0 CU ZR 0.03 0.97 -120944.4 47867.96 95.91612 -168812.37120000002 0.0 0.0 -118698.84599999999 -1971.7522129019803 -0.0
1760.0 CU ZR 0.04 0.96 -121335.0 47849.3 96.127434 -169184.28384 0.0 0.0 -118516.02799999999 -2457.614044750975 -0.0
1760.0 CU ZR 0.05 0.95 -121685.2 47830.58 96.315764 -169515.74464 0.0 0.0 -118333.20999999999 -2904.9767838066937 -0.0
1760.0 CU ZR 0.06 0.94 -122002.5 47811.78 96.485366 -169814.24416 0.0 0.0 -118150.39199999999 -3321.333779863046 -0.0
1760.0 CU ZR 0.07 0.93 -122291.8 47792.92 96.639052 -170084.73152 0.0 0.0 -117967.57400000001 -3711.630602557511 -0.0
1760.0 CU ZR 0.08 0.92 -122556.7 47773.98 96.778816 -170330.71616 0.0 0.0 -117784.75600000001 -4079.377177163059 -0.0
1770.0 CU ZR 0.0 1.0 -120198.0 48243.46 95.164666 -168441.45882 0.0 0.0 -120198.0 0.0 -0.0
1770.0 CU ZR 1.0 0.0 -101799.8 46038.93 83.52473 -147838.7721 0.0 0.0 -101799.8 0.0 -0.0
1770.0 CU ZR 0.01 0.99 -120931.9 48224.95 95.568836 -169156.83972000002 0.0 0.0 -120014.01800000001 -824.1558205862796 -0.0
1770.0 CU ZR 0.02 0.98 -121458.4 48206.37 95.855792 -169664.75183999998 0.0 0.0 -119830.036 -1442.8087870348672 -0.0
1770.0 CU ZR 0.03 0.97 -121904.5 48187.71 96.097285 -170092.19445 0.0 0.0 -119646.054 -1982.955350475287 -0.0
1770.0 CU ZR 0.04 0.96 -122297.2 48168.99 96.308558 -170466.14766000002 0.0 0.0 -119462.072 -2471.577760914333 -0.0
1770.0 CU ZR 0.05 0.95 -122649.2 48150.19 96.496846 -170799.41742 0.0 0.0 -119278.09 -2921.4823337146863 -0.0
1770.0 CU ZR 0.06 0.94 -122968.2 48131.32 96.666408 -171099.54216 0.0 0.0 -119094.108 -3340.2049945213585 -0.0
1770.0 CU ZR 0.07 0.93 -123259.1 48112.38 96.820052 -171371.49204 0.0 0.0 -118910.126 -3732.719412799315 -0.0
1770.0 CU ZR 0.08 0.92 -123525.4 48093.37 96.959774 -171618.79997999998 0.0 0.0 -118726.144 -4102.555456578759 -0.0
1780.0 CU ZR 0.0 1.0 -121150.5 48564.39 95.345469 -169714.93482 0.0 0.0 -121150.5 0.0 -0.0
1780.0 CU ZR 1.0 0.0 -102636.0 46351.68 83.700925 -148987.6465 0.0 0.0 -102636.0 0.0 -0.0
1780.0 CU ZR 0.01 0.99 -121888.5 48545.79 95.749593 -170434.27554 0.0 0.0 -120965.355 -828.8120681602134 -0.0
1780.0 CU ZR 0.02 0.98 -122417.8 48527.13 96.036503 -170944.97534 0.0 0.0 -120780.20999999999 -1450.9602491085107 -0.0
1780.0 CU ZR 0.03 0.97 -122866.4 48508.39 96.27795 -171374.75100000002 0.0 0.0 -120595.065 -1994.1584880485939 -0.0
1780.0 CU ZR 0.04 0.96 -123261.1 48489.58 96.489176 -171750.73328000001 0.0 0.0 -120409.92 -2485.541477077691 -0.0
1780.0 CU ZR 0.05 0.95 -123615.1 48470.71 96.677419 -172085.80582 0.0 0.0 -120224.775 -2937.987883622679 -0.0
1780.0 CU ZR 0.06 0.94 -123935.8 48451.75 96.846934 -172387.54252000002 0.0 0.0 -120039.62999999999 -3359.0762091796714 -0.0
1780.0 CU ZR 0.07 0.93 -124228.2 48432.73 97.000533 -172660.94874000002 0.0 0.0 -119854.485 -3753.808223041119 -0.0
1780.0 CU ZR 0.08 0.92 -124495.9 48413.64 97.140209 -172909.57202 0.0 0.0 -119669.34000000001 -4125.733735994458 -0.0
1790.0 CU ZR 0.0 1.0 -122104.9 48886.27 95.525796 -170991.17484 0.0 0.0 -122104.9 0.0 -0.0
1790.0 CU ZR 1.0 0.0 -103473.9 46664.48 83.876164 -150138.33356 0.0 0.0 -103473.9 0.0 -0.0
1790.0 CU ZR 0.01 0.99 -122846.9 48867.58 95.929869 -171714.46550999998 0.0 0.0 -121918.59 -833.4683157341472 -0.0
1790.0 CU ZR 0.02 0.98 -123379.1 48848.83 96.216728 -172227.94312 0.0 0.0 -121732.28 -1459.1117111821538 -0.0
1790.0 CU ZR 0.03 0.97 -123830.0 48830.0 96.458124 -172660.04196 0.0 0.0 -121545.97 -2005.3616256219007 -0.0
1790.0 CU ZR 0.04 0.96 -124226.9 48811.1 96.6693 -173038.04700000002 0.0 0.0 -121359.65999999999 -2499.505193241049 -0.0
1790.0 CU ZR 0.05 0.95 -124582.8 48792.13 96.857492 -173374.91068 0.0 0.0 -121173.34999999998 -2954.4934335306716 -0.0
1790.0 CU ZR 0.06 0.94 -124905.2 48773.09 97.026956 -173678.25123999998 0.0 0.0 -120987.03999999998 -3377.9474238379844 -0.0
1790.0 CU ZR 0.07 0.93 -125199.1 48753.98 97.180504 -173953.10216 0.0 0.0 -120800.72999999998 -3774.897033282923 -0.0
1790.0 CU ZR 0.08 0.92 -125468.2 48734.8 97.320129 -174203.03091 0.0 0.0 -120614.42 -4148.912015410157 -0.0
1800.0 CU ZR 0.0 1.0 -123061.1 49209.12 95.705658 -172270.1844 0.0 0.0 -123061.1 0.0 -0.0
1800.0 CU ZR 1.0 0.0 -104313.5 46977.33 84.050458 -151290.8244 0.0 0.0 -104313.5 0.0 -0.0
1800.0 CU ZR 0.01 0.99 -123807.1 49190.34 96.109676 -172997.41679999998 0.0 0.0 -122873.624 -838.1245633080808 -0.0
1800.0 CU ZR 0.02 0.98 -124342.2 49171.48 96.39648 -173513.664 0.0 0.0 -122686.148 -1467.263173255797 -0.0
1800.0 CU ZR 0.03 0.97 -124795.5 49152.56 96.637819 -173948.07419999997 0.0 0.0 -122498.672 -2016.5647631952072 -0.0
1800.0 CU ZR 0.04 0.96 -125194.5 49133.56 96.84894 -174328.092 0.0 0.0 -122311.196 -2513.4689094044065 -0.0
1800.0 CU ZR 0.05 0.95 -125552.2 49114.49 97.037075 -174666.73500000002 0.0 0.0 -122123.72 -2970.998983438664 -0.0
1800.0 CU ZR 0.06 0.94 -125876.3 49095.35 97.206484 -174971.6712 0.0 0.0 -121936.24399999999 -3396.818638496297 -0.0
1800.0 CU ZR 0.07 0.93 -126171.8 49076.13 97.359976 -175247.9568 0.0 0.0 -121748.76800000001 -3795.985843524727 -0.0
1800.0 CU ZR 0.08 0.92 -126442.3 49056.85 97.499546 -175499.18279999998 0.0 0.0 -121561.29200000002 -4172.090294825856 -0.0
1810.0 CU ZR 0.0 1.0 -124019.0 49532.95 95.885067 -173551.97127 0.0 0.0 -124019.0 0.0 -0.0
1810.0 CU ZR 1.0 0.0 -105154.9 47290.24 84.223814 -152445.10334 0.0 0.0 -105154.9 0.0 -0.0
1810.0 CU ZR 0.01 0.99 -124769.1 49514.06 96.289023 -174283.13163 0.0 0.0 -123830.359 -842.7808108820146 -0.0
1810.0 CU ZR 0.02 0.98 -125307.0 49495.1 96.575767 -174802.13827 0.0 0.0 -123641.718 -1475.4146353294404 -0.0
1810.0 CU ZR 0.03 0.97 -125762.8 49476.06 96.817046 -175238.85326 0.0 0.0 -123453.07699999999 -2027.767900768514 -0.0
1810.0 CU ZR 0.04 0.96 -126163.9 49456.95 97.028106 -175620.87185999998 0.0 0.0 -123264.43599999999 -2527.4326255677643 -0.0
1810.0 CU ZR 0.05 0.95 -126523.5 49437.77 97.216181 -175961.28761 0.0 0.0 -123075.79499999998 -2987.5045333466564 -0.0
1810.0 CU ZR 0.06 0.94 -126849.3 49418.52 97.385529 -176267.80749 0.0 0.0 -122887.154 -3415.68985315461 -0.0
1810.0 CU ZR 0.07 0.93 -127146.3 49399.2 97.538961 -176545.51941 0.0 0.0 -122698.51299999999 -3817.074653766531 -0.0
1810.0 CU ZR 0.08 0.92 -127418.2 49379.81 97.67847 -176798.0307 0.0 0.0 -122509.872 -4195.268574241555 -0.0
1820.0 CU ZR 0.0 1.0 -124978.8 49857.77 96.064031 -174836.53642 0.0 0.0 -124978.8 0.0 -0.0
1820.0 CU ZR 1.0 0.0 -105998.0 47603.2 84.396241 -153601.15862 0.0 0.0 -105998.0 0.0 -0.0
1820.0 CU ZR 0.01 0.99 -125732.9 49838.76 96.467923 -175571.61986 0.0 0.0 -124788.992 -847.4370584559484 -0.0
1820.0 CU ZR 0.02 0.98 -126273.7 49819.68 96.754601 -176093.37381999998 0.0 0.0 -124599.18400000001 -1483.5660974030839 -0.0
1820.0 CU ZR 0.03 0.97 -126731.9 49800.52 96.995815 -176532.3833 0.0 0.0 -124409.376 -2038.9710383418208 -0.0
1820.0 CU ZR 0.04 0.96 -127135.1 49781.3 97.206809 -176916.39238 0.0 0.0 -124219.568 -2541.396341731122 -0.0
1820.0 CU ZR 0.05 0.95 -127496.6 49762.0 97.394819 -177258.57058 0.0 0.0 -124029.76 -3004.010083254649 -0.0
1820.0 CU ZR 0.06 0.94 -127824.0 49742.63 97.564102 -177566.66564000002 0.0 0.0 -123839.952 -3434.5610678129224 -0.0
1820.0 CU ZR 0.07 0.93 -128122.6 49723.19 97.717468 -177845.79176 0.0 0.0 -123650.144 -3838.1634640083353 -0.0
1820.0 CU ZR 0.08 0.92 -128395.9 49703.68 97.856911 -178099.57802 0.0 0.0 -123460.33600000001 -4218.446853657255 -0.0
1830.0 CU ZR 0.0 1.0 -125940.3 50183.59 96.242563 -176123.89029 0.0 0.0 -125940.3 0.0 -0.0
1830.0 CU ZR 1.0 0.0 -106842.8 47916.2 84.567749 -154758.98067000002 0.0 0.0 -106842.8 0.0 -0.0
1830.0 CU ZR 0.01 0.99 -126698.4 50164.45 96.646384 -176862.88272 0.0 0.0 -125749.325 -852.0933060298822 -0.0
1830.0 CU ZR 0.02 0.98 -127242.1 50145.24 96.932991 -177387.37353 0.0 0.0 -125558.35 -1491.7175594767273 -0.0
1830.0 CU ZR 0.03 0.97 -127702.7 50125.96 97.174135 -177828.66705000002 0.0 0.0 -125367.375 -2050.1741759151278 -0.0
1830.0 CU ZR 0.04 0.96 -128108.1 50106.6 97.385059 -178214.65797 0.0 0.0 -125176.4 -2555.36005789448 -0.0
1830.0 CU ZR 0.05 0.95 -128471.4 50087.18 97.572999 -178558.58817 0.0 0.0 -124985.425 -3020.5156331626417 -0.0
1830.0 CU ZR 0.06 0.94 -128800.6 50067.68 97.742212 -178868.24795999998 0.0 0.0 -124794.45 -3453.4322824712353 -0.0
1830.0 CU ZR 0.07 0.93 -129100.7 50048.11 97.895508 -179148.77964000002 0.0 0.0 -124603.47499999999 -3859.252274250139 -0.0
1830.0 CU ZR 0.08 0.92 -129375.4 50028.47 98.034881 -179403.83223 0.0 0.0 -124412.5 -4241.625133072954 -0.0
1840.0 CU ZR 0.0 1.0 -126903.6 50510.42 96.420671 -177414.03464 0.0 0.0 -126903.6 0.0 -0.0
1840.0 CU ZR 1.0 0.0 -107689.3 48229.24 84.738345 -155918.55479999998 0.0 0.0 -107689.3 0.0 -0.0
1840.0 CU ZR 0.01 0.99 -127665.8 50491.14 96.824417 -178156.92728 0.0 0.0 -126711.457 -856.7495536038161 -0.0
1840.0 CU ZR 0.02 0.98 -128212.4 50471.79 97.110949 -178684.14616 0.0 0.0 -126519.31400000001 -1499.8690215503705 -0.0
1840.0 CU ZR 0.03 0.97 -128675.3 50452.37 97.352018 -179127.71312 0.0 0.0 -126327.171 -2061.377313488434 -0.0
1840.0 CU ZR 0.04 0.96 -129082.8 50432.88 97.562867 -179515.67528 0.0 0.0 -126135.028 -2569.323774057838 -0.0
1840.0 CU ZR 0.05 0.95 -129448.0 50413.32 97.750732 -179861.34688 0.0 0.0 -125942.885 -3037.0211830706344 -0.0
1840.0 CU ZR 0.06 0.94 -129778.9 50393.68 97.919869 -180172.55896000002 0.0 0.0 -125750.742 -3472.3034971295483 -0.0
1840.0 CU ZR 0.07 0.93 -130080.5 50373.98 98.07309 -180454.48559999999 0.0 0.0 -125558.599 -3880.3410844919435 -0.0
1840.0 CU ZR 0.08 0.92 -130356.6 50354.2 98.212388 -180710.79392 0.0 0.0 -125366.456 -4264.8034124886535 -0.0
1850.0 CU ZR 0.0 1.0 -127868.7 50838.27 96.598366 -178706.9771 0.0 0.0 -127868.7 0.0 -0.0
1850.0 CU ZR 1.0 0.0 -108537.5 48542.32 84.908038 -157079.8703 0.0 0.0 -108537.5 0.0 -0.0
1850.0 CU ZR 0.01 0.99 -128634.9 50818.84 97.002032 -179453.7592 0.0 0.0 -127675.38799999999 -861.4058011777498 -0.0
1850.0 CU ZR 0.02 0.98 -129184.4 50799.35 97.288485 -179983.69725 0.0 0.0 -127482.076 -1508.0204836240137 -0.0
1850.0 CU ZR 0.03 0.97 -129649.7 50779.78 97.529473 -180429.52505 0.0 0.0 -127288.764 -2072.580451061741 -0.0
1850.0 CU ZR 0.04 0.96 -130059.3 50760.14 97.740242 -180819.4477 0.0 0.0 -127095.45199999999 -2583.2874902211956 -0.0
1850.0 CU ZR 0.05 0.95 -130426.4 50740.43 97.928027 -181166.84995 0.0 0.0 -126902.13999999998 -3053.5267329786266 -0.0
1850.0 CU ZR 0.06 0.94 -130759.0 50720.64 98.097084 -181479.6054 0.0 0.0 -126708.828 -3491.174711787861 -0.0
1850.0 CU ZR 0.07 0.93 -131062.1 50700.79 98.250225 -181762.91625 0.0 0.0 -126515.51599999999 -3901.429894733747 -0.0
1850.0 CU ZR 0.08 0.92 -131339.6 50680.86 98.389443 -182020.46955 0.0 0.0 -126322.204 -4287.981691904352 -0.0
1860.0 CU ZR 0.0 1.0 -128835.6 51167.15 96.775658 -180002.72388 0.0 0.0 -128835.6 0.0 -0.0
1860.0 CU ZR 1.0 0.0 -109387.5 48855.44 85.076836 -158242.91496 0.0 0.0 -109387.5 0.0 -0.0
1860.0 CU ZR 0.01 0.99 -129605.8 51147.56 97.17924 -180753.3864 0.0 0.0 -128641.119 -866.0620487516836 -0.0
1860.0 CU ZR 0.02 0.98 -130158.1 51127.91 97.465607 -181286.02902000002 0.0 0.0 -128446.638 -1516.171945697657 -0.0
1860.0 CU ZR 0.03 0.97 -130625.9 51108.18 97.706511 -181734.11046000003 0.0 0.0 -128252.157 -2083.7835886350476 -0.0
1860.0 CU ZR 0.04 0.96 -131037.6 51088.38 97.917195 -182125.98270000002 0.0 0.0 -128057.676 -2597.2512063845534 -0.0
1860.0 CU ZR 0.05 0.95 -131406.6 51068.52 98.104895 -182475.1047 0.0 0.0 -127863.195 -3070.032282886619 -0.0
1860.0 CU ZR 0.06 0.94 -131740.8 51048.58 98.273867 -182789.39262 0.0 0.0 -127668.71399999999 -3510.0459264461733 -0.0
1860.0 CU ZR 0.07 0.93 -132045.5 51028.56 98.426923 -183074.07678 0.0 0.0 -127474.233 -3922.5187049755514 -0.0
1860.0 CU ZR 0.08 0.92 -132324.4 51008.48 98.566056 -183332.86416 0.0 0.0 -127279.75200000001 -4311.159971320051 -0.0
1870.0 CU ZR 0.0 1.0 -129804.2 51497.06 96.952558 -181301.28346 0.0 0.0 -129804.2 0.0 -0.0
1870.0 CU ZR 1.0 0.0 -110239.1 49168.6 85.244749 -159407.68063 0.0 0.0 -110239.1 0.0 -0.0
1870.0 CU ZR 0.01 0.99 -130578.5 51477.31 97.356049 -182055.81163 0.0 0.0 -129608.549 -870.7182963256174 -0.0
1870.0 CU ZR 0.02 0.98 -131133.7 51457.49 97.642327 -182591.15149 0.0 0.0 -129412.898 -1524.3234077713005 -0.0
1870.0 CU ZR 0.03 0.97 -131603.9 51437.6 97.88314 -183041.4718 0.0 0.0 -129217.24699999999 -2094.9867262083544 -0.0
1870.0 CU ZR 0.04 0.96 -132017.7 51417.63 98.093735 -183435.28444999998 0.0 0.0 -129021.59599999999 -2611.214922547911 -0.0
1870.0 CU ZR 0.05 0.95 -132388.5 51397.59 98.281344 -183786.11328000002 0.0 0.0 -128825.94499999999 -3086.5378327946123 -0.0
1870.0 CU ZR 0.06 0.94 -132724.4 51377.49 98.450227 -184101.92449 0.0 0.0 -128630.294 -3528.9171411044863 -0.0
1870.0 CU ZR 0.07 0.93 -133030.7 51357.31 98.603193 -184387.97091 0.0 0.0 -128434.64299999998 -3943.6075152173553 -0.0
1870.0 CU ZR 0.08 0.92 -133310.9 51337.06 98.742236 -184647.98132000002 0.0 0.0 -128238.992 -4334.338250735751 -0.0
1880.0 CU ZR 0.0 1.0 -130774.6 51828.03 97.129073 -182602.65724 0.0 0.0 -130774.6 0.0 -0.0
1880.0 CU ZR 1.0 0.0 -111092.4 49481.79 85.411783 -160574.15204 0.0 0.0 -111092.4 0.0 -0.0
1880.0 CU ZR 0.01 0.99 -131552.9 51808.1 97.53247 -183361.0436 0.0 0.0 -130577.778 -875.3745438995512 -0.0
1880.0 CU ZR 0.02 0.98 -132111.0 51788.1 97.818653 -183899.06764 0.0 0.0 -130380.956 -1532.474869844944 -0.0
1880.0 CU ZR 0.03 0.97 -132583.6 51768.03 98.059372 -184351.61935999998 0.0 0.0 -130184.134 -2106.189863781661 -0.0
1880.0 CU ZR 0.04 0.96 -132999.5 51747.89 98.269871 -184747.35747999998 0.0 0.0 -129987.31199999999 -2625.1786387112693 -0.0
1880.0 CU ZR 0.05 0.95 -133372.2 51727.67 98.457386 -185099.88568 0.0 0.0 -129790.48999999999 -3103.043382702605 -0.0
1880.0 CU ZR 0.06 0.94 -133709.8 51707.39 98.626174 -185417.20712 0.0 0.0 -129593.66799999999 -3547.7883557627993 -0.0
1880.0 CU ZR 0.07 0.93 -134017.6 51687.03 98.779045 -185704.6046 0.0 0.0 -129396.84599999999 -3964.6963254591597 -0.0
1880.0 CU ZR 0.08 0.92 -134299.2 51666.6 98.917993 -185965.82684 0.0 0.0 -129200.024 -4357.51653015145 -0.0
1890.0 CU ZR 0.0 1.0 -131746.8 52160.06 97.305215 -183906.85635000002 0.0 0.0 -131746.8 0.0 -0.0
1890.0 CU ZR 1.0 0.0 -111947.3 49795.01 85.577949 -161742.32361000002 0.0 0.0 -111947.3 0.0 -0.0
1890.0 CU ZR 0.01 0.99 -132529.1 52139.94 97.708511 -184669.08579 0.0 0.0 -131548.805 -880.0307914734849 -0.0
1890.0 CU ZR 0.02 0.98 -133090.0 52119.75 97.994595 -185209.78455 0.0 0.0 -131350.81 -1540.626331918587 -0.0
1890.0 CU ZR 0.03 0.97 -133565.1 52099.49 98.235214 -185664.55445999998 0.0 0.0 -131152.81499999997 -2117.3930013549675 -0.0
1890.0 CU ZR 0.04 0.96 -133983.0 52079.16 98.445614 -186062.21046 0.0 0.0 -130954.81999999998 -2639.1423548746266 -0.0
1890.0 CU ZR 0.05 0.95 -134357.7 52058.76 98.633029 -186416.42481 0.0 0.0 -130756.82499999998 -3119.548932610597 -0.0
1890.0 CU ZR 0.06 0.94 -134697.0 52038.28 98.801717 -186735.24513 0.0 0.0 -130558.82999999999 -3566.6595704211118 -0.0
1890.0 CU ZR 0.07 0.93 -135006.2 52017.74 98.954488 -187023.98232 0.0 0.0 -130360.83499999998 -3985.785135700963 -0.0
1890.0 CU ZR 0.08 0.92 -135289.3 51997.12 99.093337 -187286.40693 0.0 0.0 -130162.84 -4380.694809567149 -0.0
1900.0 CU ZR 0.0 1.0 -132720.7 52493.15 97.480992 -185213.8848 0.0 0.0 -132720.7 0.0 -0.0
1900.0 CU ZR 1.0 0.0 -112803.9 50108.26 85.743253 -162912.1807 0.0 0.0 -112803.9 0.0 -0.0
1900.0 CU ZR 0.01 0.99 -133507.1 52472.84 97.884184 -185979.94960000002 0.0 0.0 -132521.532 -884.6870390474187 -0.0
1900.0 CU ZR 0.02 0.98 -134070.9 52452.45 98.170162 -186523.3078 0.0 0.0 -132322.364 -1548.7777939922303 -0.0
1900.0 CU ZR 0.03 0.97 -134548.3 52431.99 98.410677 -186980.2863 0.0 0.0 -132123.19600000003 -2128.5961389282743 -0.0
1900.0 CU ZR 0.04 0.96 -134968.4 52411.46 98.620972 -187379.8468 0.0 0.0 -131924.028 -2653.1060710379847 -0.0
1900.0 CU ZR 0.05 0.95 -135344.9 52390.86 98.808282 -187735.73580000002 0.0 0.0 -131724.86000000002 -3136.05448251859 -0.0
1900.0 CU ZR 0.06 0.94 -135685.9 52370.19 98.976866 -188056.0454 0.0 0.0 -131525.692 -3585.5307850794247 -0.0
1900.0 CU ZR 0.07 0.93 -135996.7 52349.45 99.129532 -188346.1108 0.0 0.0 -131326.524 -4006.8739459427675 -0.0
1900.0 CU ZR 0.08 0.92 -136281.1 52328.63 99.268276 -188609.7244 0.0 0.0 -131127.356 -4403.8730889828485 -0.0
1910.0 CU ZR 0.0 1.0 -133696.4 52827.33 97.656414 -186523.75074 0.0 0.0 -133696.4 0.0 -0.0
1910.0 CU ZR 1.0 0.0 -113662.2 50421.54 85.907705 -164083.71655 0.0 0.0 -113662.2 0.0 -0.0
1910.0 CU ZR 0.01 0.99 -134486.8 52806.81 98.059496 -187293.63736 0.0 0.0 -133496.058 -889.3432866213525 -0.0
1910.0 CU ZR 0.02 0.98 -135053.4 52786.21 98.345365 -187839.64715 0.0 0.0 -133295.716 -1556.9292560658737 -0.0
1910.0 CU ZR 0.03 0.97 -135533.3 52765.55 98.58577 -188298.82069999998 0.0 0.0 -133095.37399999998 -2139.799276501581 -0.0
1910.0 CU ZR 0.04 0.96 -135955.5 52744.81 98.795955 -188700.27405 0.0 0.0 -132895.032 -2667.0697872013425 -0.0
1910.0 CU ZR 0.05 0.95 -136333.8 52724.0 98.983156 -189057.82796 0.0 0.0 -132694.69 -3152.5600324265824 -0.0
1910.0 CU ZR 0.06 0.94 -136676.5 52703.12 99.15163 -189379.6133 0.0 0.0 -132494.348 -3604.4019997377372 -0.0
1910.0 CU ZR 0.07 0.93 -136988.8 52682.16 99.304187 -189670.99717 0.0 0.0 -132294.006 -4027.962756184572 -0.0
1910.0 CU ZR 0.08 0.92 -137274.6 52661.14 99.442821 -189935.78811 0.0 0.0 -132093.664 -4427.051368398547 -0.0
1920.0 CU ZR 0.0 1.0 -134673.9 53162.6 97.83149 -187836.4608 0.0 0.0 -134673.9 0.0 -0.0
1920.0 CU ZR 1.0 0.0 -114522.1 50734.84 86.071311 -165256.91712 0.0 0.0 -114522.1 0.0 -0.0
1920.0 CU ZR 0.01 0.99 -135468.3 53141.86 98.234458 -188610.15936000002 0.0 0.0 -134472.38199999998 -893.9995341952863 -0.0
1920.0 CU ZR 0.02 0.98 -136037.8 53121.04 98.520212 -189158.80704 0.0 0.0 -134270.864 -1565.080718139517 -0.0
1920.0 CU ZR 0.03 0.97 -136520.0 53100.16 98.760502 -189620.16384 0.0 0.0 -134069.346 -2151.002414074888 -0.0
1920.0 CU ZR 0.04 0.96 -136944.3 53079.2 98.970573 -190023.50016 0.0 0.0 -133867.82799999998 -2681.0335033647007 -0.0
1920.0 CU ZR 0.05 0.95 -137324.5 53058.17 99.157659 -190382.70528 0.0 0.0 -133666.31 -3169.065582334575 -0.0
1920.0 CU ZR 0.06 0.94 -137668.9 53037.07 99.326018 -190705.95456 0.0 0.0 -133464.792 -3623.27321439605 -0.0
1920.0 CU ZR 0.07 0.93 -137982.7 53015.9 99.47846 -190998.6432 0.0 0.0 -133263.27399999998 -4049.0515664263758 -0.0
1920.0 CU ZR 0.08 0.92 -138269.9 52994.65 99.616979 -191264.59968 0.0 0.0 -133061.756 -4450.229647814247 -0.0
1930.0 CU ZR 0.0 1.0 -135653.0 53498.98 98.00623 -189152.0239 0.0 0.0 -135653.0 0.0 -0.0
1930.0 CU ZR 1.0 0.0 -115383.6 51048.18 86.234081 -166431.77633 0.0 0.0 -115383.6 0.0 -0.0
1930.0 CU ZR 0.01 0.99 -136451.5 53478.0 98.409077 -189929.51861 0.0 0.0 -135450.306 -898.6557817692201 -0.0
1930.0 CU ZR 0.02 0.98 -137023.8 53456.96 98.694712 -190480.79416 0.0 0.0 -135247.612 -1573.2321802131603 -0.0
1930.0 CU ZR 0.03 0.97 -137508.5 53435.84 98.934882 -190944.32226000002 0.0 0.0 -135044.918 -2162.2055516481946 -0.0
1930.0 CU ZR 0.04 0.96 -137934.9 53414.65 99.144833 -191349.52769000002 0.0 0.0 -134842.224 -2694.997219528058 -0.0
1930.0 CU ZR 0.05 0.95 -138317.0 53393.39 99.331799 -191710.37207 0.0 0.0 -134639.53 -3185.5711322425673 -0.0
1930.0 CU ZR 0.06 0.94 -138663.0 53372.06 99.500039 -192035.07527 0.0 0.0 -134436.83599999998 -3642.1444290543627 -0.0
1930.0 CU ZR 0.07 0.93 -138978.4 53350.66 99.652361 -192329.05673 0.0 0.0 -134234.142 -4070.1403766681797 -0.0
1930.0 CU ZR 0.08 0.92 -139267.0 53329.18 99.790761 -192596.16873 0.0 0.0 -134031.448 -4473.407927229946 -0.0
1940.0 CU ZR 0.0 1.0 -136634.0 53836.46 98.180641 -190470.44353999998 0.0 0.0 -136634.0 0.0 -0.0
1940.0 CU ZR 1.0 0.0 -116246.8 51361.53 86.396022 -167608.28268 0.0 0.0 -116246.8 0.0 -0.0
1940.0 CU ZR 0.01 0.99 -137436.5 53815.25 98.583364 -191251.72616000002 0.0 0.0 -136430.128 -903.3120293431539 -0.0
1940.0 CU ZR 0.02 0.98 -138011.7 53793.96 98.868874 -191805.61556 0.0 0.0 -136226.256 -1581.3836422868037 -0.0
1940.0 CU ZR 0.03 0.97 -138498.7 53772.6 99.10892 -192271.30479999998 0.0 0.0 -136022.38400000002 -2173.4086892215014 -0.0
1940.0 CU ZR 0.04 0.96 -138927.2 53751.17 99.318746 -192678.36724000002 0.0 0.0 -135818.512 -2708.960935691416 -0.0
1940.0 CU ZR 0.05 0.95 -139311.2 53729.67 99.505587 -193040.83878000002 0.0 0.0 -135614.63999999998 -3202.07668215056 -0.0
1940.0 CU ZR 0.06 0.94 -139658.9 53708.1 99.673702 -193366.98188 0.0 0.0 -135410.76799999998 -3661.0156437126757 -0.0
1940.0 CU ZR 0.07 0.93 -139975.8 53686.45 99.8259 -193662.246 0.0 0.0 -135206.896 -4091.2291869099836 -0.0
1940.0 CU ZR 0.08 0.92 -140265.8 53664.74 99.964175 -193930.4995 0.0 0.0 -135003.024 -4496.586206645645 -0.0
1950.0 CU ZR 0.0 1.0 -137616.7 54175.07 98.354733 -191791.72934999998 0.0 0.0 -137616.7 0.0 -0.0
1950.0 CU ZR 1.0 0.0 -117111.5 51674.91 86.557141 -168786.42495000002 0.0 0.0 -117111.5 0.0 -0.0
1950.0 CU ZR 0.01 0.99 -138423.2 54153.6 98.757327 -192576.78765 0.0 0.0 -137411.648 -907.9682769170877 -0.0
1950.0 CU ZR 0.02 0.98 -139001.2 54132.06 99.042707 -193133.27865 0.0 0.0 -137206.59600000002 -1589.535104360447 -0.0
1950.0 CU ZR 0.03 0.97 -139490.7 54110.45 99.282623 -193601.11485 0.0 0.0 -137001.544 -2184.611826794808 -0.0
1950.0 CU ZR 0.04 0.96 -139921.3 54088.77 99.492319 -194010.02205 0.0 0.0 -136796.492 -2722.924651854774 -0.0
1950.0 CU ZR 0.05 0.95 -140307.1 54067.02 99.679031 -194374.11044999998 0.0 0.0 -136591.44 -3218.5822320585526 -0.0
1950.0 CU ZR 0.06 0.94 -140656.5 54045.19 99.847016 -194701.6812 0.0 0.0 -136386.388 -3679.8868583709886 -0.0
1950.0 CU ZR 0.07 0.93 -140974.9 54023.3 99.999084 -194998.2138 0.0 0.0 -136181.336 -4112.3179971517875 -0.0
1950.0 CU ZR 0.08 0.92 -141266.3 54001.33 100.13723 -195267.5985 0.0 0.0 -135976.284 -4519.7644860613445 -0.0
1960.0 CU ZR 0.0 1.0 -138601.1 54514.81 98.528516 -193115.89135999998 0.0 0.0 -138601.1 0.0 -0.0
1960.0 CU ZR 1.0 0.0 -117977.9 51988.3 86.717447 -169966.19612 0.0 0.0 -117977.9 0.0 -0.0
1960.0 CU ZR 0.01 0.99 -139411.6 54493.08 98.930974 -193904.70904000002 0.0 0.0 -138394.86800000002 -912.6245244910215 -0.0
1960.0 CU ZR 0.02 0.98 -139992.5 54471.28 99.21622 -194463.7912 0.0 0.0 -138188.636 -1597.6865664340903 -0.0
1960.0 CU ZR 0.03 0.97 -140484.4 54449.41 99.456001 -194933.76196 0.0 0.0 -137982.404 -2195.814964368115 -0.0
1960.0 CU ZR 0.04 0.96 -140917.0 54427.46 99.665562 -195344.50152 0.0 0.0 -137776.17200000002 -2736.8883680181316 -0.0
1960.0 CU ZR 0.05 0.95 -141304.7 54405.44 99.85214 -195710.1944 0.0 0.0 -137569.94 -3235.087781966545 -0.0
1960.0 CU ZR 0.06 0.94 -141655.8 54383.36 100.01999 -196039.1804 0.0 0.0 -137363.70799999998 -3698.758073029301 -0.0
1960.0 CU ZR 0.07 0.93 -141975.8 54361.2 100.17192 -196336.9632 0.0 0.0 -137157.476 -4133.406807393592 -0.0
1960.0 CU ZR 0.08 0.92 -142268.5 54338.97 100.30993 -196607.46279999998 0.0 0.0 -136951.244 -4542.942765477043 -0.0
1970.0 CU ZR 0.0 1.0 -139587.2 54855.7 98.701996 -194442.93211999998 0.0 0.0 -139587.2 0.0 -0.0
1970.0 CU ZR 1.0 0.0 -118845.9 52301.72 86.876948 -171147.58755999999 0.0 0.0 -118845.9 0.0 -0.0
1970.0 CU ZR 0.01 0.99 -140401.8 54833.7 99.104315 -195235.50055 0.0 0.0 -139379.787 -917.2807720649552 -0.0
1970.0 CU ZR 0.02 0.98 -140985.5 54811.62 99.389421 -195797.15937 0.0 0.0 -139172.374 -1605.8380285077335 -0.0
1970.0 CU ZR 0.03 0.97 -141479.8 54789.47 99.629062 -196269.25214 0.0 0.0 -138964.961 -2207.0181019414213 -0.0
1970.0 CU ZR 0.04 0.96 -141914.6 54767.25 99.838484 -196681.81347999998 0.0 0.0 -138757.548 -2750.8520841814893 -0.0
1970.0 CU ZR 0.05 0.95 -142304.1 54744.96 100.02492 -197049.0924 0.0 0.0 -138550.135 -3251.593331874538 -0.0
1970.0 CU ZR 0.06 0.94 -142656.9 54722.6 100.19263 -197379.48109999998 0.0 0.0 -138342.72199999998 -3717.6292876876137 -0.0
1970.0 CU ZR 0.07 0.93 -142978.4 54700.16 100.34443 -197678.5271 0.0 0.0 -138135.309 -4154.495617635395 -0.0
1970.0 CU ZR 0.08 0.92 -143272.5 54677.66 100.4823 -197950.131 0.0 0.0 -137927.896 -4566.121044892742 -0.0
1980.0 CU ZR 0.0 1.0 -140575.1 55197.75 98.875184 -195772.86432000002 0.0 0.0 -140575.1 0.0 -0.0
1980.0 CU ZR 1.0 0.0 -119715.4 52615.16 87.035651 -172330.58898 0.0 0.0 -119715.4 0.0 -0.0
1980.0 CU ZR 0.01 0.99 -141393.7 55175.46 99.277358 -196569.16884000003 0.0 0.0 -140366.50300000003 -921.9370196388891 -0.0
1980.0 CU ZR 0.02 0.98 -141980.3 55153.09 99.562319 -197133.39162 0.0 0.0 -140157.906 -1613.9894905813771 -0.0
1980.0 CU ZR 0.03 0.97 -142476.9 55130.66 99.801815 -197607.5937 0.0 0.0 -139949.309 -2218.2212395147285 -0.0
1980.0 CU ZR 0.04 0.96 -142913.8 55108.15 100.01109 -198021.9582 0.0 0.0 -139740.712 -2764.8158003448475 -0.0
1980.0 CU ZR 0.05 0.95 -143305.2 55085.58 100.19738 -198390.8124 0.0 0.0 -139532.115 -3268.0988817825305 -0.0
1980.0 CU ZR 0.06 0.94 -143659.7 55062.93 100.36495 -198722.601 0.0 0.0 -139323.518 -3736.500502345927 -0.0
1980.0 CU ZR 0.07 0.93 -143982.7 55040.21 100.5166 -199022.868 0.0 0.0 -139114.921 -4175.5844278772 -0.0
1980.0 CU ZR 0.08 0.92 -144278.1 55017.41 100.65432 -199295.55359999998 0.0 0.0 -138906.324 -4589.299324308442 -0.0
1990.0 CU ZR 0.0 1.0 -141564.7 55540.96 99.048087 -197105.69313 0.0 0.0 -141564.7 0.0 -0.0
1990.0 CU ZR 1.0 0.0 -120586.6 52928.61 87.193563 -173515.19037 0.0 0.0 -120586.6 0.0 -0.0
1990.0 CU ZR 0.01 0.99 -142387.3 55518.37 99.450111 -197905.72089000003 0.0 0.0 -141354.91900000002 -926.5932672128226 -0.0
1990.0 CU ZR 0.02 0.98 -142976.8 55495.71 99.734922 -198472.49478 0.0 0.0 -141145.138 -1622.14095265502 -0.0
1990.0 CU ZR 0.03 0.97 -143475.8 55472.98 99.974269 -198948.79531000002 0.0 0.0 -140935.35700000002 -2229.4243770880344 -0.0
1990.0 CU ZR 0.04 0.96 -143914.8 55450.18 100.1834 -199364.96600000001 0.0 0.0 -140725.576 -2778.779516508205 -0.0
1990.0 CU ZR 0.05 0.95 -144308.1 55427.3 100.36954 -199735.3846 0.0 0.0 -140515.79499999998 -3284.6044316905227 -0.0
1990.0 CU ZR 0.06 0.94 -144664.2 55404.35 100.53695 -200068.53050000002 0.0 0.0 -140306.014 -3755.371717004239 -0.0
1990.0 CU ZR 0.07 0.93 -144988.7 55381.34 100.68845 -200370.0155 0.0 0.0 -140096.233 -4196.673238119003 -0.0
1990.0 CU ZR 0.08 0.92 -145285.6 55358.25 100.82603 -200643.7997 0.0 0.0 -139886.45200000002 -4612.477603724141 -0.0
2000.0 CU ZR 0.0 1.0 -142556.1 55885.35 99.220714 -198441.428 0.0 0.0 -142556.1 0.0 -0.0
2000.0 CU ZR 1.0 0.0 -121459.3 53242.09 87.350692 -174701.384 0.0 0.0 -121459.3 0.0 -0.0
2000.0 CU ZR 0.01 0.99 -143382.7 55862.45 99.622583 -199245.166 0.0 0.0 -142345.132 -931.2495147867565 -0.0
2000.0 CU ZR 0.02 0.98 -143975.0 55839.48 99.907239 -199814.478 0.0 0.0 -142134.164 -1630.2924147286635 -0.0
2000.0 CU ZR 0.03 0.97 -144476.4 55816.44 100.14643 -200292.86 0.0 0.0 -141923.19600000003 -2240.627514661341 -0.0
2000.0 CU ZR 0.04 0.96 -144917.5 55793.33 100.3554 -200710.80000000002 0.0 0.0 -141712.228 -2792.7432326715625 -0.0
2000.0 CU ZR 0.05 0.95 -145312.6 55770.14 100.54139 -201082.78000000003 0.0 0.0 -141501.26 -3301.1099815985153 -0.0
2000.0 CU ZR 0.06 0.94 -145670.4 55746.89 100.70865 -201417.30000000002 0.0 0.0 -141290.292 -3774.242931662552 -0.0
2000.0 CU ZR 0.07 0.93 -145996.4 55723.56 100.85999 -201719.97999999998 0.0 0.0 -141079.32400000002 -4217.762048360808 -0.0
2000.0 CU ZR 0.08 0.92 -146294.7 55700.16 100.99742 -201994.84 0.0 0.0 -140868.35600000003 -4635.65588313984 -0.0
2010.0 CU ZR 0.0 1.0 -143549.1 56230.93 99.393073 -199780.07673 0.0 0.0 -143549.1 0.0 -0.0
2010.0 CU ZR 1.0 0.0 -122333.6 53555.57 87.507045 -175889.16045 0.0 0.0 -122333.6 0.0 -0.0
2010.0 CU ZR 0.01 0.99 -144379.8 56207.71 99.794782 -200587.51181999999 0.0 0.0 -143336.945 -935.9057623606903 -0.0
2010.0 CU ZR 0.02 0.98 -144974.9 56184.42 100.07928 -201159.3528 0.0 0.0 -143124.79 -1638.4438768023067 -0.0
2010.0 CU ZR 0.03 0.97 -145478.7 56161.06 100.31831 -201639.8031 0.0 0.0 -142912.635 -2251.830652234648 -0.0
2010.0 CU ZR 0.04 0.96 -145921.9 56137.63 100.52712 -202059.51119999998 0.0 0.0 -142700.48 -2806.7069488349207 -0.0
2010.0 CU ZR 0.05 0.95 -146318.9 56114.12 100.71295 -202433.0295 0.0 0.0 -142488.32499999998 -3317.615531506508 -0.0
2010.0 CU ZR 0.06 0.94 -146678.4 56090.54 100.88005 -202768.9005 0.0 0.0 -142276.17 -3793.1141463208646 -0.0
2010.0 CU ZR 0.07 0.93 -147005.9 56066.9 101.03123 -203072.77229999998 0.0 0.0 -142064.015 -4238.850858602612 -0.0
2010.0 CU ZR 0.08 0.92 -147305.5 56043.18 101.16849 -203348.6649 0.0 0.0 -141851.86000000002 -4658.8341625555395 -0.0
2020.0 CU ZR 0.0 1.0 -144543.9 56577.71 99.565173 -201121.64946000002 0.0 0.0 -144543.9 0.0 -0.0
2020.0 CU ZR 1.0 0.0 -123209.4 53869.08 87.66263 -177078.5126 0.0 0.0 -123209.4 0.0 -0.0
2020.0 CU ZR 0.01 0.99 -145378.6 56554.16 99.966717 -201932.76834 0.0 0.0 -144330.555 -940.5620099346241 -0.0
2020.0 CU ZR 0.02 0.98 -145976.6 56530.54 100.25105 -202507.121 0.0 0.0 -144117.21 -1646.5953388759501 -0.0
2020.0 CU ZR 0.03 0.97 -146482.8 56506.84 100.48991 -202989.6182 0.0 0.0 -143903.865 -2263.0337898079547 -0.0
2020.0 CU ZR 0.04 0.96 -146928.0 56483.07 100.69856 -203411.0912 0.0 0.0 -143690.52 -2820.6706649982784 -0.0
2020.0 CU ZR 0.05 0.95 -147326.9 56459.24 100.88422 -203786.1244 0.0 0.0 -143477.175 -3334.1210814145006 -0.0
2020.0 CU ZR 0.06 0.94 -147688.0 56435.33 101.05116 -204123.3432 0.0 0.0 -143263.83 -3811.9853609791776 -0.0
2020.0 CU ZR 0.07 0.93 -148017.1 56411.35 101.20218 -204428.4036 0.0 0.0 -143050.485 -4259.939668844416 -0.0
2020.0 CU ZR 0.08 0.92 -148318.0 56387.29 101.33927 -204705.3254 0.0 0.0 -142837.14 -4682.012441971238 -0.0
2030.0 CU ZR 0.0 1.0 -145540.4 56925.7 99.73702 -202466.1506 0.0 0.0 -145540.4 0.0 -0.0
2030.0 CU ZR 1.0 0.0 -124086.8 54182.59 87.817454 -178269.43162 0.0 0.0 -124086.8 0.0 -0.0
2030.0 CU ZR 0.01 0.99 -146379.1 56901.81 100.13839 -203280.93170000002 0.0 0.0 -145325.86399999997 -945.2182575085579 -0.0
2030.0 CU ZR 0.02 0.98 -146979.9 56877.84 100.42255 -203857.7765 0.0 0.0 -145111.328 -1654.7468009495935 -0.0
2030.0 CU ZR 0.03 0.97 -147488.5 56853.8 100.66125 -204342.3375 0.0 0.0 -144896.792 -2274.2369273812615 -0.0
2030.0 CU ZR 0.04 0.96 -147935.9 56829.69 100.86973 -204765.55190000002 0.0 0.0 -144682.256 -2834.634381161636 -0.0
2030.0 CU ZR 0.05 0.95 -148336.6 56805.5 101.05522 -205142.09660000002 0.0 0.0 -144467.71999999997 -3350.6266313224933 -0.0
2030.0 CU ZR 0.06 0.94 -148699.4 56781.25 101.22198 -205480.6194 0.0 0.0 -144253.184 -3830.8565756374906 -0.0
2030.0 CU ZR 0.07 0.93 -149029.9 56756.92 101.37283 -205786.8449 0.0 0.0 -144038.648 -4281.02847908622 -0.0
2030.0 CU ZR 0.08 0.92 -149332.3 56732.53 101.50976 -206064.8128 0.0 0.0 -143824.112 -4705.190721386938 -0.0
